date,control_point,arrive_resident,arrive_mainland,arrive_others,arrive_total,departure_resident,departure_mainland,departure_others,departure_total
2020-01-25,Airport,14907,8489,10953,34349,58711,5326,7335,71372
2020-01-25,Express Rail Link West Kowloon,1852,2278,285,4415,8489,2089,224,10802
2020-01-25,Hung Hom,575,176,67,818,1509,153,53,1715
2020-01-25,Lo Wu,20716,4368,317,25401,39692,5468,347,45507
2020-01-25,Lok Ma Chau Spur Line,12511,3237,117,15865,16675,3347,155,20177
2020-01-25,Hong Kong-Zhuhai-Macao Bridge,9121,2682,2339,14142,13570,2949,1830,18349
2020-01-25,Lok Ma Chau,7187,2662,234,10083,10351,3163,195,13709
2020-01-25,Man Kam To,753,262,12,1027,895,203,5,1103
2020-01-25,Sha Tau Kok,923,208,19,1150,1702,165,38,1905
2020-01-25,Shenzhen Bay,9834,4540,532,14906,20440,4993,451,25884
2020-01-25,China Ferry Terminal,1183,463,499,2145,2233,406,415,3054
2020-01-25,Harbour Control,2,0,89,91,2,0,2,4
2020-01-25,Kai Tak Cruise Terminal,168,25,2315,2508,2997,129,2521,5647
2020-01-25,Macau Ferry Terminal,6118,490,1355,7963,8120,378,1048,9546
2020-01-25,Tuen Mun Ferry Terminal,567,11,44,622,782,19,14,815
2020-01-26,Airport,22646,10955,7522,41123,47580,7870,8813,64263
2020-01-26,Express Rail Link West Kowloon,7481,2481,415,10377,2360,2875,300,5535
2020-01-26,Hung Hom,2237,272,137,2646,575,307,54,936
2020-01-26,Lo Wu,44781,4994,406,50181,22105,6754,348,29207
2020-01-26,Lok Ma Chau Spur Line,19606,3816,265,23687,10678,4376,226,15280
2020-01-26,Hong Kong-Zhuhai-Macao Bridge,12967,2486,2311,17764,10182,3053,2082,15317
2020-01-26,Lok Ma Chau,10754,3119,362,14235,7058,3642,240,10940
2020-01-26,Man Kam To,1093,345,24,1462,709,324,5,1038
2020-01-26,Sha Tau Kok,2077,284,40,2401,1058,312,48,1418
2020-01-26,Shenzhen Bay,26235,6051,868,33154,9524,7404,529,17457
2020-01-26,China Ferry Terminal,2418,522,501,3441,1391,603,504,2498
2020-01-26,Harbour Control,0,0,256,256,0,0,0,0
2020-01-26,Kai Tak Cruise Terminal,2510,806,2251,5567,1000,394,317,1711
2020-01-26,Macau Ferry Terminal,8216,554,1325,10095,6571,379,1284,8234
2020-01-26,Tuen Mun Ferry Terminal,647,5,24,676,605,7,28,640
2020-01-27,Airport,36215,10309,6764,53288,41316,8203,11319,60838
2020-01-27,Express Rail Link West Kowloon,10913,1887,421,13221,1167,2790,246,4203
2020-01-27,Hung Hom,2025,221,116,2362,244,308,54,606
2020-01-27,Lo Wu,43145,3643,387,47175,13999,5193,387,19579
2020-01-27,Lok Ma Chau Spur Line,17463,2863,203,20529,7787,3592,175,11554
2020-01-27,Hong Kong-Zhuhai-Macao Bridge,14306,1998,1998,18302,7369,2822,2088,12279
2020-01-27,Lok Ma Chau,10708,1945,356,13009,5174,3655,233,9062
2020-01-27,Man Kam To,1280,281,12,1573,569,324,5,898
2020-01-27,Sha Tau Kok,2212,189,36,2437,617,337,81,1035
2020-01-27,Shenzhen Bay,27513,4507,759,32779,5065,6538,598,12201
2020-01-27,China Ferry Terminal,3124,477,431,4032,944,530,411,1885
2020-01-27,Harbour Control,69,0,32,101,28,0,25,53
2020-01-27,Kai Tak Cruise Terminal,638,56,12,706,706,66,2190,2962
2020-01-27,Macau Ferry Terminal,7258,394,1271,8923,4981,343,1094,6418
2020-01-27,Tuen Mun Ferry Terminal,601,10,18,629,511,2,24,537
2020-01-28,Airport,54491,7187,5422,67100,41100,8306,12151,61557
2020-01-28,Express Rail Link West Kowloon,13133,1828,322,15283,864,2499,212,3575
2020-01-28,Hung Hom,1754,194,64,2012,203,316,56,575
2020-01-28,Lo Wu,39880,3633,381,43894,12598,4654,290,17542
2020-01-28,Lok Ma Chau Spur Line,17313,2575,194,20082,7253,3018,175,10446
2020-01-28,Hong Kong-Zhuhai-Macao Bridge,12420,1551,1534,15505,5417,1795,1625,8837
2020-01-28,Lok Ma Chau,10279,1831,329,12439,4780,2722,202,7704
2020-01-28,Man Kam To,1551,283,4,1838,582,269,3,854
2020-01-28,Sha Tau Kok,2173,245,66,2484,433,210,58,701
2020-01-28,Shenzhen Bay,26094,4217,738,31049,3797,5022,513,9332
2020-01-28,China Ferry Terminal,2761,314,222,3297,509,371,323,1203
2020-01-28,Harbour Control,17,0,34,51,1,0,12,13
2020-01-28,Kai Tak Cruise Terminal,705,56,8,769,427,75,6,508
2020-01-28,Macau Ferry Terminal,5745,238,912,6895,3634,288,864,4786
2020-01-28,Tuen Mun Ferry Terminal,472,4,18,494,306,1,27,334
2020-01-29,Airport,50292,9196,5871,65359,33880,7550,10514,51944
2020-01-29,Express Rail Link West Kowloon,20022,1817,403,22242,1195,3524,261,4980
2020-01-29,Hung Hom,2038,201,87,2326,222,462,79,763
2020-01-29,Lo Wu,44426,4343,485,49254,13519,5099,350,18968
2020-01-29,Lok Ma Chau Spur Line,19574,3003,323,22900,8304,3414,245,11963
2020-01-29,Hong Kong-Zhuhai-Macao Bridge,10793,1363,1168,13324,4213,1588,1479,7280
2020-01-29,Lok Ma Chau,11236,1900,385,13521,5371,3111,252,8734
2020-01-29,Man Kam To,1459,293,11,1763,629,308,10,947
2020-01-29,Sha Tau Kok,2739,320,61,3120,517,311,87,915
2020-01-29,Shenzhen Bay,26892,4695,996,32583,4398,6648,678,11724
2020-01-29,China Ferry Terminal,3138,320,271,3729,522,497,266,1285
2020-01-29,Harbour Control,0,0,41,41,0,0,0,0
2020-01-29,Kai Tak Cruise Terminal,427,75,10,512,372,49,21,442
2020-01-29,Macau Ferry Terminal,4223,250,869,5342,3211,223,877,4311
2020-01-29,Tuen Mun Ferry Terminal,313,4,17,334,293,1,24,318
2020-01-30,Airport,46214,9907,5530,61651,31072,7122,9882,48076
2020-01-30,Express Rail Link West Kowloon,0,0,0,0,0,0,0,0
2020-01-30,Hung Hom,0,0,0,0,0,0,0,0
2020-01-30,Lo Wu,30427,2470,308,33205,13178,3893,294,17365
2020-01-30,Lok Ma Chau Spur Line,15978,1711,205,17894,8048,2570,168,10786
2020-01-30,Hong Kong-Zhuhai-Macao Bridge,7032,946,923,8901,3554,1360,1155,6069
2020-01-30,Lok Ma Chau,9186,1430,312,10928,4706,3386,322,8414
2020-01-30,Man Kam To,0,0,0,0,0,0,0,0
2020-01-30,Sha Tau Kok,0,0,0,0,0,0,0,0
2020-01-30,Shenzhen Bay,17109,2785,660,20554,3707,6196,660,10563
2020-01-30,China Ferry Terminal,0,0,0,0,0,0,0,0
2020-01-30,Harbour Control,1,0,69,70,0,0,22,22
2020-01-30,Kai Tak Cruise Terminal,2921,134,161,3216,682,52,1761,2495
2020-01-30,Macau Ferry Terminal,3638,172,694,4504,3132,249,806,4187
2020-01-30,Tuen Mun Ferry Terminal,0,0,0,0,0,0,0,0
2020-01-31,Airport,49093,7817,5089,61999,28231,5737,7599,41567
2020-01-31,Express Rail Link West Kowloon,0,0,0,0,0,0,0,0
2020-01-31,Hung Hom,0,0,0,0,0,0,0,0
2020-01-31,Lo Wu,24064,1960,257,26281,13695,2845,267,16807
2020-01-31,Lok Ma Chau Spur Line,14044,1518,181,15743,8490,1939,163,10592
2020-01-31,Hong Kong-Zhuhai-Macao Bridge,5754,653,883,7290,3626,897,1078,5601
2020-01-31,Lok Ma Chau,7807,1200,225,9232,4879,2598,302,7779
2020-01-31,Man Kam To,0,0,0,0,0,0,0,0
2020-01-31,Sha Tau Kok,0,0,0,0,0,0,0,0
2020-01-31,Shenzhen Bay,11541,2412,567,14520,3727,4789,632,9148
2020-01-31,China Ferry Terminal,0,0,0,0,0,0,0,0
2020-01-31,Harbour Control,2,0,330,332,2,0,9,11
2020-01-31,Kai Tak Cruise Terminal,828,377,91,1296,1603,65,242,1910
2020-01-31,Macau Ferry Terminal,3411,121,634,4166,3253,124,660,4037
2020-01-31,Tuen Mun Ferry Terminal,0,0,0,0,0,0,0,0
2020-02-01,Airport,55976,5703,4567,66246,28798,5072,8046,41916
2020-02-01,Express Rail Link West Kowloon,0,0,0,0,0,0,0,0
2020-02-01,Hung Hom,0,0,0,0,0,0,0,0
2020-02-01,Lo Wu,21578,1883,276,23737,13759,2347,234,16340
2020-02-01,Lok Ma Chau Spur Line,12975,1505,165,14645,8541,1805,139,10485
2020-02-01,Hong Kong-Zhuhai-Macao Bridge,4926,632,1021,6579,3259,784,1339,5382
2020-02-01,Lok Ma Chau,6674,1134,236,8044,4940,1855,179,6974
2020-02-01,Man Kam To,0,0,0,0,0,0,0,0
2020-02-01,Sha Tau Kok,0,0,0,0,0,0,0,0
2020-02-01,Shenzhen Bay,9788,2429,505,12722,3378,3425,499,7302
2020-02-01,China Ferry Terminal,0,0,0,0,0,0,0,0
2020-02-01,Harbour Control,0,0,60,60,0,0,5,5
2020-02-01,Kai Tak Cruise Terminal,25,8,2334,2367,129,6,1965,2100
2020-02-01,Macau Ferry Terminal,3180,88,596,3864,3043,105,550,3698
2020-02-01,Tuen Mun Ferry Terminal,0,0,0,0,0,0,0,0
2020-02-02,Airport,59083,4649,3762,67494,25570,4360,6898,36828
2020-02-02,Express Rail Link West Kowloon,0,0,0,0,0,0,0,0
2020-02-02,Hung Hom,0,0,0,0,0,0,0,0
2020-02-02,Lo Wu,13138,1159,190,14487,6575,1392,151,8118
2020-02-02,Lok Ma Chau Spur Line,17716,1739,177,19632,9832,2902,209,12943
2020-02-02,Hong Kong-Zhuhai-Macao Bridge,5108,487,804,6399,3165,649,1270,5084
2020-02-02,Lok Ma Chau,10954,1272,254,12480,4362,1820,234,6416
2020-02-02,Man Kam To,0,0,0,0,0,0,0,0
2020-02-02,Sha Tau Kok,0,0,0,0,0,0,0,0
2020-02-02,Shenzhen Bay,11706,2253,606,14565,2968,3130,454,6552
2020-02-02,China Ferry Terminal,0,0,0,0,0,0,0,0
2020-02-02,Harbour Control,0,0,184,184,0,0,0,0
2020-02-02,Kai Tak Cruise Terminal,1637,58,53,1748,2172,22,241,2435
2020-02-02,Macau Ferry Terminal,3057,98,369,3524,2697,110,486,3293
2020-02-02,Tuen Mun Ferry Terminal,0,0,0,0,0,0,0,0
2020-02-03,Airport,41208,6996,3846,52050,21704,3596,5428,30728
2020-02-03,Express Rail Link West Kowloon,0,0,0,0,0,0,0,0
2020-02-03,Hung Hom,0,0,0,0,0,0,0,0
2020-02-03,Lo Wu,27196,1873,368,29437,14938,3078,320,18336
2020-02-03,Lok Ma Chau Spur Line,17037,1038,242,18317,10113,1815,205,12133
2020-02-03,Hong Kong-Zhuhai-Macao Bridge,3595,358,674,4627,3023,723,849,4595
2020-02-03,Lok Ma Chau,9823,1206,281,11310,5461,2150,190,7801
2020-02-03,Man Kam To,0,0,0,0,0,0,0,0
2020-02-03,Sha Tau Kok,0,0,0,0,0,0,0,0
2020-02-03,Shenzhen Bay,8284,1871,504,10659,3960,3754,486,8200
2020-02-03,China Ferry Terminal,0,0,0,0,0,0,0,0
2020-02-03,Harbour Control,0,0,25,25,0,0,29,29
2020-02-03,Kai Tak Cruise Terminal,330,22,6,358,203,21,4,228
2020-02-03,Macau Ferry Terminal,3560,97,564,4221,3333,109,589,4031
2020-02-03,Tuen Mun Ferry Terminal,0,0,0,0,0,0,0,0
2020-02-04,Airport,31173,6317,3647,41137,20187,3550,4471,28208
2020-02-04,Express Rail Link West Kowloon,0,0,0,0,0,0,0,0
2020-02-04,Hung Hom,0,0,0,0,0,0,0,0
2020-02-04,Lo Wu,0,0,0,0,0,0,0,0
2020-02-04,Lok Ma Chau Spur Line,0,0,0,0,0,0,0,0
2020-02-04,Hong Kong-Zhuhai-Macao Bridge,4555,402,1020,5977,3177,985,1020,5182
2020-02-04,Lok Ma Chau,0,0,0,0,0,0,0,0
2020-02-04,Man Kam To,0,0,0,0,0,0,0,0
2020-02-04,Sha Tau Kok,0,0,0,0,0,0,0,0
2020-02-04,Shenzhen Bay,18852,2771,786,22409,10838,6731,809,18378
2020-02-04,China Ferry Terminal,0,0,0,0,0,0,0,0
2020-02-04,Harbour Control,33,0,30,63,30,0,33,63
2020-02-04,Kai Tak Cruise Terminal,203,21,2,226,173,10,2,185
2020-02-04,Macau Ferry Terminal,0,0,0,0,0,0,0,0
2020-02-04,Tuen Mun Ferry Terminal,0,0,0,0,0,0,0,0
2020-02-05,Airport,24832,6041,3592,34465,22297,2591,4404,29292
2020-02-05,Express Rail Link West Kowloon,0,0,0,0,0,0,0,0
2020-02-05,Hung Hom,0,0,0,0,0,0,0,0
2020-02-05,Lo Wu,0,0,0,0,0,0,0,0
2020-02-05,Lok Ma Chau Spur Line,0,0,0,0,0,0,0,0
2020-02-05,Hong Kong-Zhuhai-Macao Bridge,3172,329,1121,4622,2025,925,885,3835
2020-02-05,Lok Ma Chau,0,0,0,0,0,0,0,0
2020-02-05,Man Kam To,0,0,0,0,0,0,0,0
2020-02-05,Sha Tau Kok,0,0,0,0,0,0,0,0
2020-02-05,Shenzhen Bay,16387,2378,714,19479,11893,6359,837,19089
2020-02-05,China Ferry Terminal,0,0,0,0,0,0,0,0
2020-02-05,Harbour Control,0,0,0,0,0,0,0,0
2020-02-05,Kai Tak Cruise Terminal,175,12,31,218,2,2,0,4
2020-02-05,Macau Ferry Terminal,0,0,0,0,0,0,0,0
2020-02-05,Tuen Mun Ferry Terminal,0,0,0,0,0,0,0,0
2020-02-06,Airport,21261,5728,3478,30467,22252,2512,4222,28986
2020-02-06,Express Rail Link West Kowloon,0,0,0,0,0,0,0,0
2020-02-06,Hung Hom,0,0,0,0,0,0,0,0
2020-02-06,Lo Wu,0,0,0,0,0,0,0,0
2020-02-06,Lok Ma Chau Spur Line,0,0,0,0,0,0,0,0
2020-02-06,Hong Kong-Zhuhai-Macao Bridge,4941,468,1188,6597,2608,1068,834,4510
2020-02-06,Lok Ma Chau,0,0,0,0,0,0,0,0
2020-02-06,Man Kam To,0,0,0,0,0,0,0,0
2020-02-06,Sha Tau Kok,0,0,0,0,0,0,0,0
2020-02-06,Shenzhen Bay,38920,4813,1220,44953,21360,7071,1197,29628
2020-02-06,China Ferry Terminal,0,0,0,0,0,0,0,0
2020-02-06,Harbour Control,0,0,0,0,0,0,0,0
2020-02-06,Kai Tak Cruise Terminal,0,0,0,0,0,0,0,0
2020-02-06,Macau Ferry Terminal,0,0,0,0,0,0,0,0
2020-02-06,Tuen Mun Ferry Terminal,0,0,0,0,0,0,0,0
2020-02-07,Airport,19694,5563,3556,28813,21417,2735,4012,28164
2020-02-07,Express Rail Link West Kowloon,0,0,0,0,0,0,0,0
2020-02-07,Hung Hom,0,0,0,0,0,0,0,0
2020-02-07,Lo Wu,0,0,0,0,0,0,0,0
2020-02-07,Lok Ma Chau Spur Line,0,0,0,0,0,0,0,0
2020-02-07,Hong Kong-Zhuhai-Macao Bridge,6699,628,1340,8667,2576,1102,798,4476
2020-02-07,Lok Ma Chau,0,0,0,0,0,0,0,0
2020-02-07,Man Kam To,0,0,0,0,0,0,0,0
2020-02-07,Sha Tau Kok,0,0,0,0,0,0,0,0
2020-02-07,Shenzhen Bay,50506,6555,1441,58502,16746,7282,1320,25348
2020-02-07,China Ferry Terminal,0,0,0,0,0,0,0,0
2020-02-07,Harbour Control,0,0,0,0,0,0,0,0
2020-02-07,Kai Tak Cruise Terminal,0,0,0,0,0,0,0,0
2020-02-07,Macau Ferry Terminal,0,0,0,0,0,0,0,0
2020-02-07,Tuen Mun Ferry Terminal,0,0,0,0,0,0,0,0
2020-02-08,Airport,17956,943,3070,21969,20163,1127,3253,24543
2020-02-08,Express Rail Link West Kowloon,0,0,0,0,0,0,0,0
2020-02-08,Hung Hom,0,0,0,0,0,0,0,0
2020-02-08,Lo Wu,0,0,0,0,0,0,0,0
2020-02-08,Lok Ma Chau Spur Line,0,0,0,0,0,0,0,0
2020-02-08,Hong Kong-Zhuhai-Macao Bridge,659,9,508,1176,750,163,442,1355
2020-02-08,Lok Ma Chau,0,0,0,0,0,0,0,0
2020-02-08,Man Kam To,0,0,0,0,0,0,0,0
2020-02-08,Sha Tau Kok,0,0,0,0,0,0,0,0
2020-02-08,Shenzhen Bay,208,43,3,254,1291,1351,549,3191
2020-02-08,China Ferry Terminal,0,0,0,0,0,0,0,0
2020-02-08,Harbour Control,0,0,0,0,0,0,0,0
2020-02-08,Kai Tak Cruise Terminal,0,0,0,0,0,0,0,0
2020-02-08,Macau Ferry Terminal,0,0,0,0,0,0,0,0
2020-02-08,Tuen Mun Ferry Terminal,0,0,0,0,0,0,0,0
2020-02-09,Airport,22077,913,2591,25581,17782,971,3200,21953
2020-02-09,Express Rail Link West Kowloon,0,0,0,0,0,0,0,0
2020-02-09,Hung Hom,0,0,0,0,0,0,0,0
2020-02-09,Lo Wu,0,0,0,0,0,0,0,0
2020-02-09,Lok Ma Chau Spur Line,0,0,0,0,0,0,0,0
2020-02-09,Hong Kong-Zhuhai-Macao Bridge,710,7,493,1210,1185,167,524,1876
2020-02-09,Lok Ma Chau,0,0,0,0,0,0,0,0
2020-02-09,Man Kam To,0,0,0,0,0,0,0,0
2020-02-09,Sha Tau Kok,0,0,0,0,0,0,0,0
2020-02-09,Shenzhen Bay,314,36,3,353,1802,1303,573,3678
2020-02-09,China Ferry Terminal,0,0,0,0,0,0,0,0
2020-02-09,Harbour Control,0,0,0,0,0,0,0,0
2020-02-09,Kai Tak Cruise Terminal,1838,0,33,1871,0,0,0,0
2020-02-09,Macau Ferry Terminal,0,0,0,0,0,0,0,0
2020-02-09,Tuen Mun Ferry Terminal,0,0,0,0,0,0,0,0
2020-02-10,Airport,17139,766,2037,19942,15550,535,3219,19304
2020-02-10,Express Rail Link West Kowloon,0,0,0,0,0,0,0,0
2020-02-10,Hung Hom,0,0,0,0,0,0,0,0
2020-02-10,Lo Wu,0,0,0,0,0,0,0,0
2020-02-10,Lok Ma Chau Spur Line,0,0,0,0,0,0,0,0
2020-02-10,Hong Kong-Zhuhai-Macao Bridge,808,10,496,1314,1508,137,444,2089
2020-02-10,Lok Ma Chau,0,0,0,0,0,0,0,0
2020-02-10,Man Kam To,0,0,0,0,0,0,0,0
2020-02-10,Sha Tau Kok,0,0,0,0,0,0,0,0
2020-02-10,Shenzhen Bay,461,56,4,521,1835,1016,185,3036
2020-02-10,China Ferry Terminal,0,0,0,0,0,0,0,0
2020-02-10,Harbour Control,0,0,0,0,0,0,0,0
2020-02-10,Kai Tak Cruise Terminal,0,0,0,0,0,0,0,0
2020-02-10,Macau Ferry Terminal,0,0,0,0,0,0,0,0
2020-02-10,Tuen Mun Ferry Terminal,0,0,0,0,0,0,0,0
2020-02-11,Airport,14663,647,2107,17417,12645,481,2556,15682
2020-02-11,Express Rail Link West Kowloon,0,0,0,0,0,0,0,0
2020-02-11,Hung Hom,0,0,0,0,0,0,0,0
2020-02-11,Lo Wu,0,0,0,0,0,0,0,0
2020-02-11,Lok Ma Chau Spur Line,0,0,0,0,0,0,0,0
2020-02-11,Hong Kong-Zhuhai-Macao Bridge,729,11,458,1198,960,103,452,1515
2020-02-11,Lok Ma Chau,0,0,0,0,0,0,0,0
2020-02-11,Man Kam To,0,0,0,0,0,0,0,0
2020-02-11,Sha Tau Kok,0,0,0,0,0,0,0,0
2020-02-11,Shenzhen Bay,561,80,4,645,1105,739,140,1984
2020-02-11,China Ferry Terminal,0,0,0,0,0,0,0,0
2020-02-11,Harbour Control,0,0,0,0,0,0,0,0
2020-02-11,Kai Tak Cruise Terminal,0,0,0,0,0,0,0,0
2020-02-11,Macau Ferry Terminal,0,0,0,0,0,0,0,0
2020-02-11,Tuen Mun Ferry Terminal,0,0,0,0,0,0,0,0
2020-02-12,Airport,14221,619,1725,16565,13637,471,2358,16466
2020-02-12,Express Rail Link West Kowloon,0,0,0,0,0,0,0,0
2020-02-12,Hung Hom,0,0,0,0,0,0,0,0
2020-02-12,Lo Wu,0,0,0,0,0,0,0,0
2020-02-12,Lok Ma Chau Spur Line,0,0,0,0,0,0,0,0
2020-02-12,Hong Kong-Zhuhai-Macao Bridge,862,4,449,1315,904,109,350,1363
2020-02-12,Lok Ma Chau,0,0,0,0,0,0,0,0
2020-02-12,Man Kam To,0,0,0,0,0,0,0,0
2020-02-12,Sha Tau Kok,0,0,0,0,0,0,0,0
2020-02-12,Shenzhen Bay,709,106,2,817,1219,862,114,2195
2020-02-12,China Ferry Terminal,0,0,0,0,0,0,0,0
2020-02-12,Harbour Control,0,0,0,0,0,0,0,0
2020-02-12,Kai Tak Cruise Terminal,0,0,0,0,0,0,0,0
2020-02-12,Macau Ferry Terminal,0,0,0,0,0,0,0,0
2020-02-12,Tuen Mun Ferry Terminal,0,0,0,0,0,0,0,0
2020-02-13,Airport,11620,638,1938,14196,15259,453,2150,17862
2020-02-13,Express Rail Link West Kowloon,0,0,0,0,0,0,0,0
2020-02-13,Hung Hom,0,0,0,0,0,0,0,0
2020-02-13,Lo Wu,0,0,0,0,0,0,0,0
2020-02-13,Lok Ma Chau Spur Line,0,0,0,0,0,0,0,0
2020-02-13,Hong Kong-Zhuhai-Macao Bridge,936,8,503,1447,1089,124,450,1663
2020-02-13,Lok Ma Chau,0,0,0,0,0,0,0,0
2020-02-13,Man Kam To,0,0,0,0,0,0,0,0
2020-02-13,Sha Tau Kok,0,0,0,0,0,0,0,0
2020-02-13,Shenzhen Bay,756,105,17,878,1056,856,104,2016
2020-02-13,China Ferry Terminal,0,0,0,0,0,0,0,0
2020-02-13,Harbour Control,0,0,0,0,0,0,0,0
2020-02-13,Kai Tak Cruise Terminal,0,0,0,0,0,0,0,0
2020-02-13,Macau Ferry Terminal,0,0,0,0,0,0,0,0
2020-02-13,Tuen Mun Ferry Terminal,0,0,0,0,0,0,0,0
2020-02-14,Airport,11246,584,2015,13845,15770,477,2012,18259
2020-02-14,Express Rail Link West Kowloon,0,0,0,0,0,0,0,0
2020-02-14,Hung Hom,0,0,0,0,0,0,0,0
2020-02-14,Lo Wu,0,0,0,0,0,0,0,0
2020-02-14,Lok Ma Chau Spur Line,0,0,0,0,0,0,0,0
2020-02-14,Hong Kong-Zhuhai-Macao Bridge,1491,5,553,2049,1298,110,447,1855
2020-02-14,Lok Ma Chau,0,0,0,0,0,0,0,0
2020-02-14,Man Kam To,0,0,0,0,0,0,0,0
2020-02-14,Sha Tau Kok,0,0,0,0,0,0,0,0
2020-02-14,Shenzhen Bay,770,94,6,870,1092,1016,117,2225
2020-02-14,China Ferry Terminal,0,0,0,0,0,0,0,0
2020-02-14,Harbour Control,0,0,0,0,0,0,0,0
2020-02-14,Kai Tak Cruise Terminal,0,0,0,0,0,0,0,0
2020-02-14,Macau Ferry Terminal,0,0,0,0,0,0,0,0
2020-02-14,Tuen Mun Ferry Terminal,0,0,0,0,0,0,0,0
2020-02-15,Airport,14097,692,2098,16887,14575,390,2064,17029
2020-02-15,Express Rail Link West Kowloon,0,0,0,0,0,0,0,0
2020-02-15,Hung Hom,0,0,0,0,0,0,0,0
2020-02-15,Lo Wu,0,0,0,0,0,0,0,0
2020-02-15,Lok Ma Chau Spur Line,0,0,0,0,0,0,0,0
2020-02-15,Hong Kong-Zhuhai-Macao Bridge,1183,5,524,1712,1060,119,486,1665
2020-02-15,Lok Ma Chau,0,0,0,0,0,0,0,0
2020-02-15,Man Kam To,0,0,0,0,0,0,0,0
2020-02-15,Sha Tau Kok,0,0,0,0,0,0,0,0
2020-02-15,Shenzhen Bay,809,94,7,910,945,621,150,1716
2020-02-15,China Ferry Terminal,0,0,0,0,0,0,0,0
2020-02-15,Harbour Control,0,0,0,0,0,0,0,0
2020-02-15,Kai Tak Cruise Terminal,0,0,0,0,0,0,0,0
2020-02-15,Macau Ferry Terminal,0,0,0,0,0,0,0,0
2020-02-15,Tuen Mun Ferry Terminal,0,0,0,0,0,0,0,0
2020-02-16,Airport,18422,650,1848,20920,12257,349,2524,15130
2020-02-16,Express Rail Link West Kowloon,0,0,0,0,0,0,0,0
2020-02-16,Hung Hom,0,0,0,0,0,0,0,0
2020-02-16,Lo Wu,0,0,0,0,0,0,0,0
2020-02-16,Lok Ma Chau Spur Line,0,0,0,0,0,0,0,0
2020-02-16,Hong Kong-Zhuhai-Macao Bridge,1106,2,465,1573,1473,76,646,2195
2020-02-16,Lok Ma Chau,0,0,0,0,0,0,0,0
2020-02-16,Man Kam To,0,0,0,0,0,0,0,0
2020-02-16,Sha Tau Kok,0,0,0,0,0,0,0,0
2020-02-16,Shenzhen Bay,797,97,6,900,1166,764,203,2133
2020-02-16,China Ferry Terminal,0,0,0,0,0,0,0,0
2020-02-16,Harbour Control,0,0,0,0,0,0,0,0
2020-02-16,Kai Tak Cruise Terminal,0,0,0,0,0,0,0,0
2020-02-16,Macau Ferry Terminal,0,0,0,0,0,0,0,0
2020-02-16,Tuen Mun Ferry Terminal,0,0,0,0,0,0,0,0
2020-02-17,Airport,13748,532,1876,16156,10210,212,2018,12440
2020-02-17,Express Rail Link West Kowloon,0,0,0,0,0,0,0,0
2020-02-17,Hung Hom,0,0,0,0,0,0,0,0
2020-02-17,Lo Wu,0,0,0,0,0,0,0,0
2020-02-17,Lok Ma Chau Spur Line,0,0,0,0,0,0,0,0
2020-02-17,Hong Kong-Zhuhai-Macao Bridge,1264,3,488,1755,2000,87,625,2712
2020-02-17,Lok Ma Chau,0,0,0,0,0,0,0,0
2020-02-17,Man Kam To,0,0,0,0,0,0,0,0
2020-02-17,Sha Tau Kok,0,0,0,0,0,0,0,0
2020-02-17,Shenzhen Bay,978,108,4,1090,1724,600,173,2497
2020-02-17,China Ferry Terminal,0,0,0,0,0,0,0,0
2020-02-17,Harbour Control,0,0,0,0,0,0,0,0
2020-02-17,Kai Tak Cruise Terminal,0,0,0,0,0,0,0,0
2020-02-17,Macau Ferry Terminal,0,0,0,0,0,0,0,0
2020-02-17,Tuen Mun Ferry Terminal,0,0,0,0,0,0,0,0
2020-02-18,Airport,12068,479,1862,14409,8900,266,1722,10888
2020-02-18,Express Rail Link West Kowloon,0,0,0,0,0,0,0,0
2020-02-18,Hung Hom,0,0,0,0,0,0,0,0
2020-02-18,Lo Wu,0,0,0,0,0,0,0,0
2020-02-18,Lok Ma Chau Spur Line,0,0,0,0,0,0,0,0
2020-02-18,Hong Kong-Zhuhai-Macao Bridge,1361,5,579,1945,1955,74,730,2759
2020-02-18,Lok Ma Chau,0,0,0,0,0,0,0,0
2020-02-18,Man Kam To,0,0,0,0,0,0,0,0
2020-02-18,Sha Tau Kok,0,0,0,0,0,0,0,0
2020-02-18,Shenzhen Bay,954,95,10,1059,1160,519,155,1834
2020-02-18,China Ferry Terminal,0,0,0,0,0,0,0,0
2020-02-18,Harbour Control,0,0,0,0,0,0,0,0
2020-02-18,Kai Tak Cruise Terminal,0,0,0,0,0,0,0,0
2020-02-18,Macau Ferry Terminal,0,0,0,0,0,0,0,0
2020-02-18,Tuen Mun Ferry Terminal,0,0,0,0,0,0,0,0
2020-02-19,Airport,10612,462,1789,12863,10048,214,1582,11844
2020-02-19,Express Rail Link West Kowloon,0,0,0,0,0,0,0,0
2020-02-19,Hung Hom,0,0,0,0,0,0,0,0
2020-02-19,Lo Wu,0,0,0,0,0,0,0,0
2020-02-19,Lok Ma Chau Spur Line,0,0,0,0,0,0,0,0
2020-02-19,Hong Kong-Zhuhai-Macao Bridge,1280,8,496,1784,1776,64,609,2449
2020-02-19,Lok Ma Chau,0,0,0,0,0,0,0,0
2020-02-19,Man Kam To,0,0,0,0,0,0,0,0
2020-02-19,Sha Tau Kok,0,0,0,0,0,0,0,0
2020-02-19,Shenzhen Bay,909,97,5,1011,1145,508,113,1766
2020-02-19,China Ferry Terminal,0,0,0,0,0,0,0,0
2020-02-19,Harbour Control,0,0,0,0,0,0,0,0
2020-02-19,Kai Tak Cruise Terminal,0,0,0,0,0,0,0,0
2020-02-19,Macau Ferry Terminal,0,0,0,0,0,0,0,0
2020-02-19,Tuen Mun Ferry Terminal,0,0,0,0,0,0,0,0
2020-02-20,Airport,10398,525,1730,12653,11622,280,1944,13846
2020-02-20,Express Rail Link West Kowloon,0,0,0,0,0,0,0,0
2020-02-20,Hung Hom,0,0,0,0,0,0,0,0
2020-02-20,Lo Wu,0,0,0,0,0,0,0,0
2020-02-20,Lok Ma Chau Spur Line,0,0,0,0,0,0,0,0
2020-02-20,Hong Kong-Zhuhai-Macao Bridge,2299,13,585,2897,3135,96,551,3782
2020-02-20,Lok Ma Chau,0,0,0,0,0,0,0,0
2020-02-20,Man Kam To,0,0,0,0,0,0,0,0
2020-02-20,Sha Tau Kok,0,0,0,0,0,0,0,0
2020-02-20,Shenzhen Bay,980,110,9,1099,1167,564,111,1842
2020-02-20,China Ferry Terminal,0,0,0,0,0,0,0,0
2020-02-20,Harbour Control,0,0,0,0,0,0,0,0
2020-02-20,Kai Tak Cruise Terminal,0,0,0,0,0,0,0,0
2020-02-20,Macau Ferry Terminal,0,0,0,0,0,0,0,0
2020-02-20,Tuen Mun Ferry Terminal,0,0,0,0,0,0,0,0
2020-02-21,Airport,9821,539,2007,12367,12942,356,1749,15047
2020-02-21,Express Rail Link West Kowloon,0,0,0,0,0,0,0,0
2020-02-21,Hung Hom,0,0,0,0,0,0,0,0
2020-02-21,Lo Wu,0,0,0,0,0,0,0,0
2020-02-21,Lok Ma Chau Spur Line,0,0,0,0,0,0,0,0
2020-02-21,Hong Kong-Zhuhai-Macao Bridge,3647,28,685,4360,3362,95,549,4006
2020-02-21,Lok Ma Chau,0,0,0,0,0,0,0,0
2020-02-21,Man Kam To,0,0,0,0,0,0,0,0
2020-02-21,Sha Tau Kok,0,0,0,0,0,0,0,0
2020-02-21,Shenzhen Bay,1089,115,4,1208,1195,534,115,1844
2020-02-21,China Ferry Terminal,0,0,0,0,0,0,0,0
2020-02-21,Harbour Control,0,0,0,0,0,0,0,0
2020-02-21,Kai Tak Cruise Terminal,0,0,0,0,0,0,0,0
2020-02-21,Macau Ferry Terminal,0,0,0,0,0,0,0,0
2020-02-21,Tuen Mun Ferry Terminal,0,0,0,0,0,0,0,0
2020-02-22,Airport,11096,530,2030,13656,10534,247,1888,12669
2020-02-22,Express Rail Link West Kowloon,0,0,0,0,0,0,0,0
2020-02-22,Hung Hom,0,0,0,0,0,0,0,0
2020-02-22,Lo Wu,0,0,0,0,0,0,0,0
2020-02-22,Lok Ma Chau Spur Line,0,0,0,0,0,0,0,0
2020-02-22,Hong Kong-Zhuhai-Macao Bridge,3364,14,648,4026,3511,83,641,4235
2020-02-22,Lok Ma Chau,0,0,0,0,0,0,0,0
2020-02-22,Man Kam To,0,0,0,0,0,0,0,0
2020-02-22,Sha Tau Kok,0,0,0,0,0,0,0,0
2020-02-22,Shenzhen Bay,980,107,2,1089,1115,487,124,1726
2020-02-22,China Ferry Terminal,0,0,0,0,0,0,0,0
2020-02-22,Harbour Control,0,0,0,0,0,0,0,0
2020-02-22,Kai Tak Cruise Terminal,0,0,0,0,0,0,0,0
2020-02-22,Macau Ferry Terminal,0,0,0,0,0,0,0,0
2020-02-22,Tuen Mun Ferry Terminal,0,0,0,0,0,0,0,0
2020-02-23,Airport,15891,537,2009,18437,9225,296,2141,11662
2020-02-23,Express Rail Link West Kowloon,0,0,0,0,0,0,0,0
2020-02-23,Hung Hom,0,0,0,0,0,0,0,0
2020-02-23,Lo Wu,0,0,0,0,0,0,0,0
2020-02-23,Lok Ma Chau Spur Line,0,0,0,0,0,0,0,0
2020-02-23,Hong Kong-Zhuhai-Macao Bridge,3203,10,633,3846,3342,86,775,4203
2020-02-23,Lok Ma Chau,0,0,0,0,0,0,0,0
2020-02-23,Man Kam To,0,0,0,0,0,0,0,0
2020-02-23,Sha Tau Kok,0,0,0,0,0,0,0,0
2020-02-23,Shenzhen Bay,1147,126,9,1282,1338,579,273,2190
2020-02-23,China Ferry Terminal,0,0,0,0,0,0,0,0
2020-02-23,Harbour Control,0,0,0,0,0,0,0,0
2020-02-23,Kai Tak Cruise Terminal,0,0,0,0,0,0,0,0
2020-02-23,Macau Ferry Terminal,0,0,0,0,0,0,0,0
2020-02-23,Tuen Mun Ferry Terminal,0,0,0,0,0,0,0,0
2020-02-24,Airport,12267,451,1792,14510,8041,231,1919,10191
2020-02-24,Express Rail Link West Kowloon,0,0,0,0,0,0,0,0
2020-02-24,Hung Hom,0,0,0,0,0,0,0,0
2020-02-24,Lo Wu,0,0,0,0,0,0,0,0
2020-02-24,Lok Ma Chau Spur Line,0,0,0,0,0,0,0,0
2020-02-24,Hong Kong-Zhuhai-Macao Bridge,3352,7,611,3970,4211,74,682,4967
2020-02-24,Lok Ma Chau,0,0,0,0,0,0,0,0
2020-02-24,Man Kam To,0,0,0,0,0,0,0,0
2020-02-24,Sha Tau Kok,0,0,0,0,0,0,0,0
2020-02-24,Shenzhen Bay,1353,130,7,1490,1964,482,181,2627
2020-02-24,China Ferry Terminal,0,0,0,0,0,0,0,0
2020-02-24,Harbour Control,0,0,0,0,0,0,0,0
2020-02-24,Kai Tak Cruise Terminal,0,0,0,0,0,0,0,0
2020-02-24,Macau Ferry Terminal,0,0,0,0,0,0,0,0
2020-02-24,Tuen Mun Ferry Terminal,0,0,0,0,0,0,0,0
2020-02-25,Airport,10734,414,1471,12619,7458,181,1574,9213
2020-02-25,Express Rail Link West Kowloon,0,0,0,0,0,0,0,0
2020-02-25,Hung Hom,0,0,0,0,0,0,0,0
2020-02-25,Lo Wu,0,0,0,0,0,0,0,0
2020-02-25,Lok Ma Chau Spur Line,0,0,0,0,0,0,0,0
2020-02-25,Hong Kong-Zhuhai-Macao Bridge,3145,13,591,3749,3281,88,593,3962
2020-02-25,Lok Ma Chau,0,0,0,0,0,0,0,0
2020-02-25,Man Kam To,0,0,0,0,0,0,0,0
2020-02-25,Sha Tau Kok,0,0,0,0,0,0,0,0
2020-02-25,Shenzhen Bay,1328,131,5,1464,1510,503,141,2154
2020-02-25,China Ferry Terminal,0,0,0,0,0,0,0,0
2020-02-25,Harbour Control,0,0,0,0,0,0,0,0
2020-02-25,Kai Tak Cruise Terminal,0,0,0,0,0,0,0,0
2020-02-25,Macau Ferry Terminal,0,0,0,0,0,0,0,0
2020-02-25,Tuen Mun Ferry Terminal,0,0,0,0,0,0,0,0
2020-02-26,Airport,9882,410,1484,11776,7629,212,1521,9362
2020-02-26,Express Rail Link West Kowloon,0,0,0,0,0,0,0,0
2020-02-26,Hung Hom,0,0,0,0,0,0,0,0
2020-02-26,Lo Wu,0,0,0,0,0,0,0,0
2020-02-26,Lok Ma Chau Spur Line,0,0,0,0,0,0,0,0
2020-02-26,Hong Kong-Zhuhai-Macao Bridge,3233,11,662,3906,3424,78,580,4082
2020-02-26,Lok Ma Chau,0,0,0,0,0,0,0,0
2020-02-26,Man Kam To,0,0,0,0,0,0,0,0
2020-02-26,Sha Tau Kok,0,0,0,0,0,0,0,0
2020-02-26,Shenzhen Bay,1202,166,11,1379,1695,548,179,2422
2020-02-26,China Ferry Terminal,0,0,0,0,0,0,0,0
2020-02-26,Harbour Control,0,0,0,0,0,0,0,0
2020-02-26,Kai Tak Cruise Terminal,0,0,0,0,0,0,0,0
2020-02-26,Macau Ferry Terminal,0,0,0,0,0,0,0,0
2020-02-26,Tuen Mun Ferry Terminal,0,0,0,0,0,0,0,0
2020-02-27,Airport,9177,512,1780,11469,9051,168,1501,10720
2020-02-27,Express Rail Link West Kowloon,0,0,0,0,0,0,0,0
2020-02-27,Hung Hom,0,0,0,0,0,0,0,0
2020-02-27,Lo Wu,0,0,0,0,0,0,0,0
2020-02-27,Lok Ma Chau Spur Line,0,0,0,0,0,0,0,0
2020-02-27,Hong Kong-Zhuhai-Macao Bridge,3420,20,616,4056,3672,99,670,4441
2020-02-27,Lok Ma Chau,0,0,0,0,0,0,0,0
2020-02-27,Man Kam To,0,0,0,0,0,0,0,0
2020-02-27,Sha Tau Kok,0,0,0,0,0,0,0,0
2020-02-27,Shenzhen Bay,1249,170,8,1427,1564,647,183,2394
2020-02-27,China Ferry Terminal,0,0,0,0,0,0,0,0
2020-02-27,Harbour Control,0,0,0,0,0,0,0,0
2020-02-27,Kai Tak Cruise Terminal,0,0,0,0,0,0,0,0
2020-02-27,Macau Ferry Terminal,0,0,0,0,0,0,0,0
2020-02-27,Tuen Mun Ferry Terminal,0,0,0,0,0,0,0,0
2020-02-28,Airport,9205,369,1767,11341,10755,255,1747,12757
2020-02-28,Express Rail Link West Kowloon,0,0,0,0,0,0,0,0
2020-02-28,Hung Hom,0,0,0,0,0,0,0,0
2020-02-28,Lo Wu,0,0,0,0,0,0,0,0
2020-02-28,Lok Ma Chau Spur Line,0,0,0,0,0,0,0,0
2020-02-28,Hong Kong-Zhuhai-Macao Bridge,4763,8,865,5636,4669,90,663,5422
2020-02-28,Lok Ma Chau,0,0,0,0,0,0,0,0
2020-02-28,Man Kam To,0,0,0,0,0,0,0,0
2020-02-28,Sha Tau Kok,0,0,0,0,0,0,0,0
2020-02-28,Shenzhen Bay,1280,181,10,1471,1724,566,175,2465
2020-02-28,China Ferry Terminal,0,0,0,0,0,0,0,0
2020-02-28,Harbour Control,0,0,0,0,0,0,0,0
2020-02-28,Kai Tak Cruise Terminal,0,0,0,0,0,0,0,0
2020-02-28,Macau Ferry Terminal,0,0,0,0,0,0,0,0
2020-02-28,Tuen Mun Ferry Terminal,0,0,0,0,0,0,0,0
2020-02-29,Airport,11818,870,1893,14581,9860,230,1688,11778
2020-02-29,Express Rail Link West Kowloon,0,0,0,0,0,0,0,0
2020-02-29,Hung Hom,0,0,0,0,0,0,0,0
2020-02-29,Lo Wu,0,0,0,0,0,0,0,0
2020-02-29,Lok Ma Chau Spur Line,0,0,0,0,0,0,0,0
2020-02-29,Hong Kong-Zhuhai-Macao Bridge,4676,19,901,5596,4866,87,787,5740
2020-02-29,Lok Ma Chau,0,0,0,0,0,0,0,0
2020-02-29,Man Kam To,0,0,0,0,0,0,0,0
2020-02-29,Sha Tau Kok,0,0,0,0,0,0,0,0
2020-02-29,Shenzhen Bay,1387,195,3,1585,1807,947,329,3083
2020-02-29,China Ferry Terminal,0,0,0,0,0,0,0,0
2020-02-29,Harbour Control,0,0,0,0,0,0,0,0
2020-02-29,Kai Tak Cruise Terminal,0,0,0,0,0,0,0,0
2020-02-29,Macau Ferry Terminal,0,0,0,0,0,0,0,0
2020-02-29,Tuen Mun Ferry Terminal,0,0,0,0,0,0,0,0
2020-03-01,Airport,14584,1122,2461,18167,9115,354,1850,11319
2020-03-01,Express Rail Link West Kowloon,0,0,0,0,0,0,0,0
2020-03-01,Hung Hom,0,0,0,0,0,0,0,0
2020-03-01,Lo Wu,0,0,0,0,0,0,0,0
2020-03-01,Lok Ma Chau Spur Line,0,0,0,0,0,0,0,0
2020-03-01,Hong Kong-Zhuhai-Macao Bridge,4820,13,767,5600,4587,194,905,5686
2020-03-01,Lok Ma Chau,0,0,0,0,0,0,0,0
2020-03-01,Man Kam To,0,0,0,0,0,0,0,0
2020-03-01,Sha Tau Kok,0,0,0,0,0,0,0,0
2020-03-01,Shenzhen Bay,1587,211,9,1807,2053,1247,931,4231
2020-03-01,China Ferry Terminal,0,0,0,0,0,0,0,0
2020-03-01,Harbour Control,0,0,0,0,0,0,0,0
2020-03-01,Kai Tak Cruise Terminal,0,0,0,0,0,0,0,0
2020-03-01,Macau Ferry Terminal,0,0,0,0,0,0,0,0
2020-03-01,Tuen Mun Ferry Terminal,0,0,0,0,0,0,0,0
2020-03-02,Airport,10261,732,1935,12928,6755,206,1314,8275
2020-03-02,Express Rail Link West Kowloon,0,0,0,0,0,0,0,0
2020-03-02,Hung Hom,0,0,0,0,0,0,0,0
2020-03-02,Lo Wu,0,0,0,0,0,0,0,0
2020-03-02,Lok Ma Chau Spur Line,0,0,0,0,0,0,0,0
2020-03-02,Hong Kong-Zhuhai-Macao Bridge,4244,10,738,4992,5321,93,836,6250
2020-03-02,Lok Ma Chau,0,0,0,0,0,0,0,0
2020-03-02,Man Kam To,0,0,0,0,0,0,0,0
2020-03-02,Sha Tau Kok,0,0,0,0,0,0,0,0
2020-03-02,Shenzhen Bay,2124,231,9,2364,2551,924,655,4130
2020-03-02,China Ferry Terminal,0,0,0,0,0,0,0,0
2020-03-02,Harbour Control,0,0,0,0,0,0,0,0
2020-03-02,Kai Tak Cruise Terminal,0,0,0,0,0,0,0,0
2020-03-02,Macau Ferry Terminal,0,0,0,0,0,0,0,0
2020-03-02,Tuen Mun Ferry Terminal,0,0,0,0,0,0,0,0
2020-03-03,Airport,7960,734,1923,10617,6684,190,1349,8223
2020-03-03,Express Rail Link West Kowloon,0,0,0,0,0,0,0,0
2020-03-03,Hung Hom,0,0,0,0,0,0,0,0
2020-03-03,Lo Wu,0,0,0,0,0,0,0,0
2020-03-03,Lok Ma Chau Spur Line,0,0,0,0,0,0,0,0
2020-03-03,Hong Kong-Zhuhai-Macao Bridge,4398,19,756,5173,4798,117,780,5695
2020-03-03,Lok Ma Chau,0,0,0,0,0,0,0,0
2020-03-03,Man Kam To,0,0,0,0,0,0,0,0
2020-03-03,Sha Tau Kok,0,0,0,0,0,0,0,0
2020-03-03,Shenzhen Bay,1479,165,3,1647,1970,793,667,3430
2020-03-03,China Ferry Terminal,0,0,0,0,0,0,0,0
2020-03-03,Harbour Control,0,0,0,0,0,0,0,0
2020-03-03,Kai Tak Cruise Terminal,0,0,0,0,0,0,0,0
2020-03-03,Macau Ferry Terminal,0,0,0,0,0,0,0,0
2020-03-03,Tuen Mun Ferry Terminal,0,0,0,0,0,0,0,0
2020-03-04,Airport,7590,772,1847,10209,7170,213,1123,8506
2020-03-04,Express Rail Link West Kowloon,0,0,0,0,0,0,0,0
2020-03-04,Hung Hom,0,0,0,0,0,0,0,0
2020-03-04,Lo Wu,0,0,0,0,0,0,0,0
2020-03-04,Lok Ma Chau Spur Line,0,0,0,0,0,0,0,0
2020-03-04,Hong Kong-Zhuhai-Macao Bridge,4368,9,753,5130,4539,92,802,5433
2020-03-04,Lok Ma Chau,0,0,0,0,0,0,0,0
2020-03-04,Man Kam To,0,0,0,0,0,0,0,0
2020-03-04,Sha Tau Kok,0,0,0,0,0,0,0,0
2020-03-04,Shenzhen Bay,1306,192,7,1505,1684,806,664,3154
2020-03-04,China Ferry Terminal,0,0,0,0,0,0,0,0
2020-03-04,Harbour Control,0,0,0,0,0,0,0,0
2020-03-04,Kai Tak Cruise Terminal,0,0,0,0,0,0,0,0
2020-03-04,Macau Ferry Terminal,0,0,0,0,0,0,0,0
2020-03-04,Tuen Mun Ferry Terminal,0,0,0,0,0,0,0,0
2020-03-05,Airport,7074,673,1749,9496,8141,190,1289,9620
2020-03-05,Express Rail Link West Kowloon,0,0,0,0,0,0,0,0
2020-03-05,Hung Hom,0,0,0,0,0,0,0,0
2020-03-05,Lo Wu,0,0,0,0,0,0,0,0
2020-03-05,Lok Ma Chau Spur Line,0,0,0,0,0,0,0,0
2020-03-05,Hong Kong-Zhuhai-Macao Bridge,4752,17,782,5551,4999,96,776,5871
2020-03-05,Lok Ma Chau,0,0,0,0,0,0,0,0
2020-03-05,Man Kam To,0,0,0,0,0,0,0,0
2020-03-05,Sha Tau Kok,0,0,0,0,0,0,0,0
2020-03-05,Shenzhen Bay,1419,226,3,1648,1589,767,638,2994
2020-03-05,China Ferry Terminal,0,0,0,0,0,0,0,0
2020-03-05,Harbour Control,0,0,0,0,0,0,0,0
2020-03-05,Kai Tak Cruise Terminal,0,0,0,0,0,0,0,0
2020-03-05,Macau Ferry Terminal,0,0,0,0,0,0,0,0
2020-03-05,Tuen Mun Ferry Terminal,0,0,0,0,0,0,0,0
2020-03-06,Airport,7474,705,1877,10056,8746,215,1150,10111
2020-03-06,Express Rail Link West Kowloon,0,0,0,0,0,0,0,0
2020-03-06,Hung Hom,0,0,0,0,0,0,0,0
2020-03-06,Lo Wu,0,0,0,0,0,0,0,0
2020-03-06,Lok Ma Chau Spur Line,0,0,0,0,0,0,0,0
2020-03-06,Hong Kong-Zhuhai-Macao Bridge,6255,22,894,7171,6030,116,768,6914
2020-03-06,Lok Ma Chau,0,0,0,0,0,0,0,0
2020-03-06,Man Kam To,0,0,0,0,0,0,0,0
2020-03-06,Sha Tau Kok,0,0,0,0,0,0,0,0
2020-03-06,Shenzhen Bay,1425,251,8,1684,1550,734,544,2828
2020-03-06,China Ferry Terminal,0,0,0,0,0,0,0,0
2020-03-06,Harbour Control,0,0,0,0,0,0,0,0
2020-03-06,Kai Tak Cruise Terminal,0,0,0,0,0,0,0,0
2020-03-06,Macau Ferry Terminal,0,0,0,0,0,0,0,0
2020-03-06,Tuen Mun Ferry Terminal,0,0,0,0,0,0,0,0
2020-03-07,Airport,8659,795,1919,11373,7316,216,1398,8930
2020-03-07,Express Rail Link West Kowloon,0,0,0,0,0,0,0,0
2020-03-07,Hung Hom,0,0,0,0,0,0,0,0
2020-03-07,Lo Wu,0,0,0,0,0,0,0,0
2020-03-07,Lok Ma Chau Spur Line,0,0,0,0,0,0,0,0
2020-03-07,Hong Kong-Zhuhai-Macao Bridge,5935,26,973,6934,6440,132,903,7475
2020-03-07,Lok Ma Chau,0,0,0,0,0,0,0,0
2020-03-07,Man Kam To,0,0,0,0,0,0,0,0
2020-03-07,Sha Tau Kok,0,0,0,0,0,0,0,0
2020-03-07,Shenzhen Bay,1180,269,2,1451,1380,856,622,2858
2020-03-07,China Ferry Terminal,0,0,0,0,0,0,0,0
2020-03-07,Harbour Control,0,0,0,0,0,0,0,0
2020-03-07,Kai Tak Cruise Terminal,0,0,0,0,0,0,0,0
2020-03-07,Macau Ferry Terminal,0,0,0,0,0,0,0,0
2020-03-07,Tuen Mun Ferry Terminal,0,0,0,0,0,0,0,0
2020-03-08,Airport,12538,730,1833,15101,6371,276,1376,8023
2020-03-08,Express Rail Link West Kowloon,0,0,0,0,0,0,0,0
2020-03-08,Hung Hom,0,0,0,0,0,0,0,0
2020-03-08,Lo Wu,0,0,0,0,0,0,0,0
2020-03-08,Lok Ma Chau Spur Line,0,0,0,0,0,0,0,0
2020-03-08,Hong Kong-Zhuhai-Macao Bridge,6331,23,806,7160,5935,109,1127,7171
2020-03-08,Lok Ma Chau,0,0,0,0,0,0,0,0
2020-03-08,Man Kam To,0,0,0,0,0,0,0,0
2020-03-08,Sha Tau Kok,0,0,0,0,0,0,0,0
2020-03-08,Shenzhen Bay,1386,252,9,1647,1547,897,678,3122
2020-03-08,China Ferry Terminal,0,0,0,0,0,0,0,0
2020-03-08,Harbour Control,0,0,0,0,0,0,0,0
2020-03-08,Kai Tak Cruise Terminal,0,0,0,0,0,0,0,0
2020-03-08,Macau Ferry Terminal,0,0,0,0,0,0,0,0
2020-03-08,Tuen Mun Ferry Terminal,0,0,0,0,0,0,0,0
2020-03-09,Airport,8304,706,1623,10633,4721,139,970,5830
2020-03-09,Express Rail Link West Kowloon,0,0,0,0,0,0,0,0
2020-03-09,Hung Hom,0,0,0,0,0,0,0,0
2020-03-09,Lo Wu,0,0,0,0,0,0,0,0
2020-03-09,Lok Ma Chau Spur Line,0,0,0,0,0,0,0,0
2020-03-09,Hong Kong-Zhuhai-Macao Bridge,5638,16,805,6459,6224,133,929,7286
2020-03-09,Lok Ma Chau,0,0,0,0,0,0,0,0
2020-03-09,Man Kam To,0,0,0,0,0,0,0,0
2020-03-09,Sha Tau Kok,0,0,0,0,0,0,0,0
2020-03-09,Shenzhen Bay,1632,233,10,1875,2197,774,592,3563
2020-03-09,China Ferry Terminal,0,0,0,0,0,0,0,0
2020-03-09,Harbour Control,0,0,0,0,0,0,0,0
2020-03-09,Kai Tak Cruise Terminal,0,0,0,0,0,0,0,0
2020-03-09,Macau Ferry Terminal,0,0,0,0,0,0,0,0
2020-03-09,Tuen Mun Ferry Terminal,0,0,0,0,0,0,0,0
2020-03-10,Airport,7051,663,1531,9245,3802,142,914,4858
2020-03-10,Express Rail Link West Kowloon,0,0,0,0,0,0,0,0
2020-03-10,Hung Hom,0,0,0,0,0,0,0,0
2020-03-10,Lo Wu,0,0,0,0,0,0,0,0
2020-03-10,Lok Ma Chau Spur Line,0,0,0,0,0,0,0,0
2020-03-10,Hong Kong-Zhuhai-Macao Bridge,5366,31,757,6154,5687,84,900,6671
2020-03-10,Lok Ma Chau,0,0,0,0,0,0,0,0
2020-03-10,Man Kam To,0,0,0,0,0,0,0,0
2020-03-10,Sha Tau Kok,0,0,0,0,0,0,0,0
2020-03-10,Shenzhen Bay,1491,212,5,1708,1762,802,432,2996
2020-03-10,China Ferry Terminal,0,0,0,0,0,0,0,0
2020-03-10,Harbour Control,0,0,0,0,0,0,0,0
2020-03-10,Kai Tak Cruise Terminal,0,0,0,0,0,0,0,0
2020-03-10,Macau Ferry Terminal,0,0,0,0,0,0,0,0
2020-03-10,Tuen Mun Ferry Terminal,0,0,0,0,0,0,0,0
2020-03-11,Airport,7610,838,1539,9987,3443,205,841,4489
2020-03-11,Express Rail Link West Kowloon,0,0,0,0,0,0,0,0
2020-03-11,Hung Hom,0,0,0,0,0,0,0,0
2020-03-11,Lo Wu,0,0,0,0,0,0,0,0
2020-03-11,Lok Ma Chau Spur Line,0,0,0,0,0,0,0,0
2020-03-11,Hong Kong-Zhuhai-Macao Bridge,5248,25,733,6006,5258,122,765,6145
2020-03-11,Lok Ma Chau,0,0,0,0,0,0,0,0
2020-03-11,Man Kam To,0,0,0,0,0,0,0,0
2020-03-11,Sha Tau Kok,0,0,0,0,0,0,0,0
2020-03-11,Shenzhen Bay,1418,244,2,1664,1632,866,443,2941
2020-03-11,China Ferry Terminal,0,0,0,0,0,0,0,0
2020-03-11,Harbour Control,0,0,0,0,0,0,0,0
2020-03-11,Kai Tak Cruise Terminal,0,0,0,0,0,0,0,0
2020-03-11,Macau Ferry Terminal,0,0,0,0,0,0,0,0
2020-03-11,Tuen Mun Ferry Terminal,0,0,0,0,0,0,0,0
2020-03-12,Airport,6416,944,1426,8786,4050,152,995,5197
2020-03-12,Express Rail Link West Kowloon,0,0,0,0,0,0,0,0
2020-03-12,Hung Hom,0,0,0,0,0,0,0,0
2020-03-12,Lo Wu,0,0,0,0,0,0,0,0
2020-03-12,Lok Ma Chau Spur Line,0,0,0,0,0,0,0,0
2020-03-12,Hong Kong-Zhuhai-Macao Bridge,5391,21,753,6165,5753,177,790,6720
2020-03-12,Lok Ma Chau,0,0,0,0,0,0,0,0
2020-03-12,Man Kam To,0,0,0,0,0,0,0,0
2020-03-12,Sha Tau Kok,0,0,0,0,0,0,0,0
2020-03-12,Shenzhen Bay,1376,235,3,1614,1602,887,417,2906
2020-03-12,China Ferry Terminal,0,0,0,0,0,0,0,0
2020-03-12,Harbour Control,0,0,0,0,0,0,0,0
2020-03-12,Kai Tak Cruise Terminal,0,0,0,0,0,0,0,0
2020-03-12,Macau Ferry Terminal,0,0,0,0,0,0,0,0
2020-03-12,Tuen Mun Ferry Terminal,0,0,0,0,0,0,0,0
2020-03-13,Airport,6758,1075,1401,9234,4435,269,1044,5748
2020-03-13,Express Rail Link West Kowloon,0,0,0,0,0,0,0,0
2020-03-13,Hung Hom,0,0,0,0,0,0,0,0
2020-03-13,Lo Wu,0,0,0,0,0,0,0,0
2020-03-13,Lok Ma Chau Spur Line,0,0,0,0,0,0,0,0
2020-03-13,Hong Kong-Zhuhai-Macao Bridge,6872,19,945,7836,6694,142,939,7775
2020-03-13,Lok Ma Chau,0,0,0,0,0,0,0,0
2020-03-13,Man Kam To,0,0,0,0,0,0,0,0
2020-03-13,Sha Tau Kok,0,0,0,0,0,0,0,0
2020-03-13,Shenzhen Bay,1418,254,3,1675,1520,1018,369,2907
2020-03-13,China Ferry Terminal,0,0,0,0,0,0,0,0
2020-03-13,Harbour Control,0,0,0,0,0,0,0,0
2020-03-13,Kai Tak Cruise Terminal,0,0,0,0,0,0,0,0
2020-03-13,Macau Ferry Terminal,0,0,0,0,0,0,0,0
2020-03-13,Tuen Mun Ferry Terminal,0,0,0,0,0,0,0,0
2020-03-14,Airport,7513,1435,1587,10535,3764,214,996,4974
2020-03-14,Express Rail Link West Kowloon,0,0,0,0,0,0,0,0
2020-03-14,Hung Hom,0,0,0,0,0,0,0,0
2020-03-14,Lo Wu,0,0,0,0,0,0,0,0
2020-03-14,Lok Ma Chau Spur Line,0,0,0,0,0,0,0,0
2020-03-14,Hong Kong-Zhuhai-Macao Bridge,6098,25,1075,7198,7110,206,1126,8442
2020-03-14,Lok Ma Chau,0,0,0,0,0,0,0,0
2020-03-14,Man Kam To,0,0,0,0,0,0,0,0
2020-03-14,Sha Tau Kok,0,0,0,0,0,0,0,0
2020-03-14,Shenzhen Bay,1276,270,3,1549,1560,1303,406,3269
2020-03-14,China Ferry Terminal,0,0,0,0,0,0,0,0
2020-03-14,Harbour Control,0,0,0,0,0,0,0,0
2020-03-14,Kai Tak Cruise Terminal,0,0,0,0,0,0,0,0
2020-03-14,Macau Ferry Terminal,0,0,0,0,0,0,0,0
2020-03-14,Tuen Mun Ferry Terminal,0,0,0,0,0,0,0,0
2020-03-15,Airport,10027,1558,1950,13535,2516,315,863,3694
2020-03-15,Express Rail Link West Kowloon,0,0,0,0,0,0,0,0
2020-03-15,Hung Hom,0,0,0,0,0,0,0,0
2020-03-15,Lo Wu,0,0,0,0,0,0,0,0
2020-03-15,Lok Ma Chau Spur Line,0,0,0,0,0,0,0,0
2020-03-15,Hong Kong-Zhuhai-Macao Bridge,8172,33,674,8879,7405,194,1233,8832
2020-03-15,Lok Ma Chau,0,0,0,0,0,0,0,0
2020-03-15,Man Kam To,0,0,0,0,0,0,0,0
2020-03-15,Sha Tau Kok,0,0,0,0,0,0,0,0
2020-03-15,Shenzhen Bay,1745,351,18,2114,1628,1565,632,3825
2020-03-15,China Ferry Terminal,0,0,0,0,0,0,0,0
2020-03-15,Harbour Control,0,0,0,0,0,0,0,0
2020-03-15,Kai Tak Cruise Terminal,0,0,0,0,0,0,0,0
2020-03-15,Macau Ferry Terminal,0,0,0,0,0,0,0,0
2020-03-15,Tuen Mun Ferry Terminal,0,0,0,0,0,0,0,0
2020-03-16,Airport,8498,1662,2038,12198,2117,382,896,3395
2020-03-16,Express Rail Link West Kowloon,0,0,0,0,0,0,0,0
2020-03-16,Hung Hom,0,0,0,0,0,0,0,0
2020-03-16,Lo Wu,0,0,0,0,0,0,0,0
2020-03-16,Lok Ma Chau Spur Line,0,0,0,0,0,0,0,0
2020-03-16,Hong Kong-Zhuhai-Macao Bridge,6258,28,792,7078,6782,314,1408,8504
2020-03-16,Lok Ma Chau,0,0,0,0,0,0,0,0
2020-03-16,Man Kam To,0,0,0,0,0,0,0,0
2020-03-16,Sha Tau Kok,0,0,0,0,0,0,0,0
2020-03-16,Shenzhen Bay,1878,326,8,2212,2182,1450,593,4225
2020-03-16,China Ferry Terminal,0,0,0,0,0,0,0,0
2020-03-16,Harbour Control,0,0,0,0,0,0,0,0
2020-03-16,Kai Tak Cruise Terminal,0,0,0,0,0,0,0,0
2020-03-16,Macau Ferry Terminal,0,0,0,0,0,0,0,0
2020-03-16,Tuen Mun Ferry Terminal,0,0,0,0,0,0,0,0
2020-03-17,Airport,7472,1702,1272,10446,1483,339,666,2488
2020-03-17,Express Rail Link West Kowloon,0,0,0,0,0,0,0,0
2020-03-17,Hung Hom,0,0,0,0,0,0,0,0
2020-03-17,Lo Wu,0,0,0,0,0,0,0,0
2020-03-17,Lok Ma Chau Spur Line,0,0,0,0,0,0,0,0
2020-03-17,Hong Kong-Zhuhai-Macao Bridge,5812,21,753,6586,5791,287,979,7057
2020-03-17,Lok Ma Chau,0,0,0,0,0,0,0,0
2020-03-17,Man Kam To,0,0,0,0,0,0,0,0
2020-03-17,Sha Tau Kok,0,0,0,0,0,0,0,0
2020-03-17,Shenzhen Bay,1393,257,4,1654,1672,1420,446,3538
2020-03-17,China Ferry Terminal,0,0,0,0,0,0,0,0
2020-03-17,Harbour Control,0,0,0,0,0,0,0,0
2020-03-17,Kai Tak Cruise Terminal,0,0,0,0,0,0,0,0
2020-03-17,Macau Ferry Terminal,0,0,0,0,0,0,0,0
2020-03-17,Tuen Mun Ferry Terminal,0,0,0,0,0,0,0,0
2020-03-18,Airport,9616,2027,1309,12952,1041,337,615,1993
2020-03-18,Express Rail Link West Kowloon,0,0,0,0,0,0,0,0
2020-03-18,Hung Hom,0,0,0,0,0,0,0,0
2020-03-18,Lo Wu,0,0,0,0,0,0,0,0
2020-03-18,Lok Ma Chau Spur Line,0,0,0,0,0,0,0,0
2020-03-18,Hong Kong-Zhuhai-Macao Bridge,5266,37,580,5883,4850,334,792,5976
2020-03-18,Lok Ma Chau,0,0,0,0,0,0,0,0
2020-03-18,Man Kam To,0,0,0,0,0,0,0,0
2020-03-18,Sha Tau Kok,0,0,0,0,0,0,0,0
2020-03-18,Shenzhen Bay,1394,344,10,1748,1570,1734,360,3664
2020-03-18,China Ferry Terminal,0,0,0,0,0,0,0,0
2020-03-18,Harbour Control,0,0,0,0,0,0,0,0
2020-03-18,Kai Tak Cruise Terminal,0,0,0,0,0,0,0,0
2020-03-18,Macau Ferry Terminal,0,0,0,0,0,0,0,0
2020-03-18,Tuen Mun Ferry Terminal,0,0,0,0,0,0,0,0
2020-03-19,Airport,6138,37,596,6771,1110,160,519,1789
2020-03-19,Express Rail Link West Kowloon,0,0,0,0,0,0,0,0
2020-03-19,Hung Hom,0,0,0,0,0,0,0,0
2020-03-19,Lo Wu,0,0,0,0,0,0,0,0
2020-03-19,Lok Ma Chau Spur Line,0,0,0,0,0,0,0,0
2020-03-19,Hong Kong-Zhuhai-Macao Bridge,4687,22,352,5061,4824,46,423,5293
2020-03-19,Lok Ma Chau,0,0,0,0,0,0,0,0
2020-03-19,Man Kam To,0,0,0,0,0,0,0,0
2020-03-19,Sha Tau Kok,0,0,0,0,0,0,0,0
2020-03-19,Shenzhen Bay,1099,184,3,1286,1449,458,244,2151
2020-03-19,China Ferry Terminal,0,0,0,0,0,0,0,0
2020-03-19,Harbour Control,0,0,0,0,0,0,0,0
2020-03-19,Kai Tak Cruise Terminal,0,0,0,0,0,0,0,0
2020-03-19,Macau Ferry Terminal,0,0,0,0,0,0,0,0
2020-03-19,Tuen Mun Ferry Terminal,0,0,0,0,0,0,0,0
2020-03-20,Airport,6427,44,603,7074,1190,54,445,1689
2020-03-20,Express Rail Link West Kowloon,0,0,0,0,0,0,0,0
2020-03-20,Hung Hom,0,0,0,0,0,0,0,0
2020-03-20,Lo Wu,0,0,0,0,0,0,0,0
2020-03-20,Lok Ma Chau Spur Line,0,0,0,0,0,0,0,0
2020-03-20,Hong Kong-Zhuhai-Macao Bridge,5732,18,458,6208,5426,48,691,6165
2020-03-20,Lok Ma Chau,0,0,0,0,0,0,0,0
2020-03-20,Man Kam To,0,0,0,0,0,0,0,0
2020-03-20,Sha Tau Kok,0,0,0,0,0,0,0,0
2020-03-20,Shenzhen Bay,1328,245,3,1576,1404,401,176,1981
2020-03-20,China Ferry Terminal,0,0,0,0,0,0,0,0
2020-03-20,Harbour Control,0,0,0,0,0,0,0,0
2020-03-20,Kai Tak Cruise Terminal,0,0,0,0,0,0,0,0
2020-03-20,Macau Ferry Terminal,0,0,0,0,0,0,0,0
2020-03-20,Tuen Mun Ferry Terminal,0,0,0,0,0,0,0,0
2020-03-21,Airport,6547,43,526,7116,844,39,320,1203
2020-03-21,Express Rail Link West Kowloon,0,0,0,0,0,0,0,0
2020-03-21,Hung Hom,0,0,0,0,0,0,0,0
2020-03-21,Lo Wu,0,0,0,0,0,0,0,0
2020-03-21,Lok Ma Chau Spur Line,0,0,0,0,0,0,0,0
2020-03-21,Hong Kong-Zhuhai-Macao Bridge,4805,37,388,5230,5244,70,536,5850
2020-03-21,Lok Ma Chau,0,0,0,0,0,0,0,0
2020-03-21,Man Kam To,0,0,0,0,0,0,0,0
2020-03-21,Sha Tau Kok,0,0,0,0,0,0,0,0
2020-03-21,Shenzhen Bay,904,239,5,1148,1384,457,113,1954
2020-03-21,China Ferry Terminal,0,0,0,0,0,0,0,0
2020-03-21,Harbour Control,0,0,0,0,0,0,0,0
2020-03-21,Kai Tak Cruise Terminal,0,0,0,0,0,0,0,0
2020-03-21,Macau Ferry Terminal,0,0,0,0,0,0,0,0
2020-03-21,Tuen Mun Ferry Terminal,0,0,0,0,0,0,0,0
2020-03-22,Airport,5596,33,566,6195,659,49,228,936
2020-03-22,Express Rail Link West Kowloon,0,0,0,0,0,0,0,0
2020-03-22,Hung Hom,0,0,0,0,0,0,0,0
2020-03-22,Lo Wu,0,0,0,0,0,0,0,0
2020-03-22,Lok Ma Chau Spur Line,0,0,0,0,0,0,0,0
2020-03-22,Hong Kong-Zhuhai-Macao Bridge,4996,31,235,5262,4386,49,453,4888
2020-03-22,Lok Ma Chau,0,0,0,0,0,0,0,0
2020-03-22,Man Kam To,0,0,0,0,0,0,0,0
2020-03-22,Sha Tau Kok,0,0,0,0,0,0,0,0
2020-03-22,Shenzhen Bay,1064,272,4,1340,1619,567,199,2385
2020-03-22,China Ferry Terminal,0,0,0,0,0,0,0,0
2020-03-22,Harbour Control,0,0,0,0,0,0,0,0
2020-03-22,Kai Tak Cruise Terminal,0,0,0,0,0,0,0,0
2020-03-22,Macau Ferry Terminal,0,0,0,0,0,0,0,0
2020-03-22,Tuen Mun Ferry Terminal,0,0,0,0,0,0,0,0
2020-03-23,Airport,4536,30,529,5095,514,34,208,756
2020-03-23,Express Rail Link West Kowloon,0,0,0,0,0,0,0,0
2020-03-23,Hung Hom,0,0,0,0,0,0,0,0
2020-03-23,Lo Wu,0,0,0,0,0,0,0,0
2020-03-23,Lok Ma Chau Spur Line,0,0,0,0,0,0,0,0
2020-03-23,Hong Kong-Zhuhai-Macao Bridge,4930,16,353,5299,5722,43,539,6304
2020-03-23,Lok Ma Chau,0,0,0,0,0,0,0,0
2020-03-23,Man Kam To,0,0,0,0,0,0,0,0
2020-03-23,Sha Tau Kok,0,0,0,0,0,0,0,0
2020-03-23,Shenzhen Bay,1053,201,4,1258,2229,462,207,2898
2020-03-23,China Ferry Terminal,0,0,0,0,0,0,0,0
2020-03-23,Harbour Control,0,0,0,0,0,0,0,0
2020-03-23,Kai Tak Cruise Terminal,0,0,0,0,0,0,0,0
2020-03-23,Macau Ferry Terminal,0,0,0,0,0,0,0,0
2020-03-23,Tuen Mun Ferry Terminal,0,0,0,0,0,0,0,0
2020-03-24,Airport,3488,73,855,4416,577,21,260,858
2020-03-24,Express Rail Link West Kowloon,0,0,0,0,0,0,0,0
2020-03-24,Hung Hom,0,0,0,0,0,0,0,0
2020-03-24,Lo Wu,0,0,0,0,0,0,0,0
2020-03-24,Lok Ma Chau Spur Line,0,0,0,0,0,0,0,0
2020-03-24,Hong Kong-Zhuhai-Macao Bridge,7851,47,942,8840,6050,67,1082,7199
2020-03-24,Lok Ma Chau,0,0,0,0,0,0,0,0
2020-03-24,Man Kam To,0,0,0,0,0,0,0,0
2020-03-24,Sha Tau Kok,0,0,0,0,0,0,0,0
2020-03-24,Shenzhen Bay,1198,317,12,1527,1793,453,401,2647
2020-03-24,China Ferry Terminal,0,0,0,0,0,0,0,0
2020-03-24,Harbour Control,0,0,0,0,0,0,0,0
2020-03-24,Kai Tak Cruise Terminal,0,0,0,0,0,0,0,0
2020-03-24,Macau Ferry Terminal,0,0,0,0,0,0,0,0
2020-03-24,Tuen Mun Ferry Terminal,0,0,0,0,0,0,0,0
2020-03-25,Airport,4053,6,158,4217,629,21,236,886
2020-03-25,Express Rail Link West Kowloon,0,0,0,0,0,0,0,0
2020-03-25,Hung Hom,0,0,0,0,0,0,0,0
2020-03-25,Lo Wu,0,0,0,0,0,0,0,0
2020-03-25,Lok Ma Chau Spur Line,0,0,0,0,0,0,0,0
2020-03-25,Hong Kong-Zhuhai-Macao Bridge,106,7,19,132,212,25,173,410
2020-03-25,Lok Ma Chau,0,0,0,0,0,0,0,0
2020-03-25,Man Kam To,0,0,0,0,0,0,0,0
2020-03-25,Sha Tau Kok,0,0,0,0,0,0,0,0
2020-03-25,Shenzhen Bay,810,135,3,948,1525,326,21,1872
2020-03-25,China Ferry Terminal,0,0,0,0,0,0,0,0
2020-03-25,Harbour Control,0,0,0,0,0,0,0,0
2020-03-25,Kai Tak Cruise Terminal,0,0,0,0,0,0,0,0
2020-03-25,Macau Ferry Terminal,0,0,0,0,0,0,0,0
2020-03-25,Tuen Mun Ferry Terminal,0,0,0,0,0,0,0,0
2020-03-26,Airport,3303,6,126,3435,436,20,138,594
2020-03-26,Express Rail Link West Kowloon,0,0,0,0,0,0,0,0
2020-03-26,Hung Hom,0,0,0,0,0,0,0,0
2020-03-26,Lo Wu,0,0,0,0,0,0,0,0
2020-03-26,Lok Ma Chau Spur Line,0,0,0,0,0,0,0,0
2020-03-26,Hong Kong-Zhuhai-Macao Bridge,95,8,23,126,342,42,113,497
2020-03-26,Lok Ma Chau,0,0,0,0,0,0,0,0
2020-03-26,Man Kam To,0,0,0,0,0,0,0,0
2020-03-26,Sha Tau Kok,0,0,0,0,0,0,0,0
2020-03-26,Shenzhen Bay,773,122,2,897,2476,522,16,3014
2020-03-26,China Ferry Terminal,0,0,0,0,0,0,0,0
2020-03-26,Harbour Control,0,0,0,0,0,0,0,0
2020-03-26,Kai Tak Cruise Terminal,0,0,0,0,0,0,0,0
2020-03-26,Macau Ferry Terminal,0,0,0,0,0,0,0,0
2020-03-26,Tuen Mun Ferry Terminal,0,0,0,0,0,0,0,0
2020-03-27,Airport,2903,4,178,3085,1030,46,238,1314
2020-03-27,Express Rail Link West Kowloon,0,0,0,0,0,0,0,0
2020-03-27,Hung Hom,0,0,0,0,0,0,0,0
2020-03-27,Lo Wu,0,0,0,0,0,0,0,0
2020-03-27,Lok Ma Chau Spur Line,0,0,0,0,0,0,0,0
2020-03-27,Hong Kong-Zhuhai-Macao Bridge,124,9,17,150,697,120,170,987
2020-03-27,Lok Ma Chau,0,0,0,0,0,0,0,0
2020-03-27,Man Kam To,0,0,0,0,0,0,0,0
2020-03-27,Sha Tau Kok,0,0,0,0,0,0,0,0
2020-03-27,Shenzhen Bay,676,121,1,798,298,83,113,494
2020-03-27,China Ferry Terminal,0,0,0,0,0,0,0,0
2020-03-27,Harbour Control,0,0,0,0,0,0,0,0
2020-03-27,Kai Tak Cruise Terminal,0,0,0,0,0,0,0,0
2020-03-27,Macau Ferry Terminal,0,0,0,0,0,0,0,0
2020-03-27,Tuen Mun Ferry Terminal,0,0,0,0,0,0,0,0
2020-03-28,Airport,3744,7,175,3926,691,51,162,904
2020-03-28,Express Rail Link West Kowloon,0,0,0,0,0,0,0,0
2020-03-28,Hung Hom,0,0,0,0,0,0,0,0
2020-03-28,Lo Wu,0,0,0,0,0,0,0,0
2020-03-28,Lok Ma Chau Spur Line,0,0,0,0,0,0,0,0
2020-03-28,Hong Kong-Zhuhai-Macao Bridge,67,7,16,90,45,3,146,194
2020-03-28,Lok Ma Chau,0,0,0,0,0,0,0,0
2020-03-28,Man Kam To,0,0,0,0,0,0,0,0
2020-03-28,Sha Tau Kok,0,0,0,0,0,0,0,0
2020-03-28,Shenzhen Bay,545,96,5,646,238,102,3,343
2020-03-28,China Ferry Terminal,0,0,0,0,0,0,0,0
2020-03-28,Harbour Control,0,0,0,0,0,0,0,0
2020-03-28,Kai Tak Cruise Terminal,0,0,0,0,0,0,0,0
2020-03-28,Macau Ferry Terminal,0,0,0,0,0,0,0,0
2020-03-28,Tuen Mun Ferry Terminal,0,0,0,0,0,0,0,0
2020-03-29,Airport,2616,6,215,2837,301,25,77,403
2020-03-29,Express Rail Link West Kowloon,0,0,0,0,0,0,0,0
2020-03-29,Hung Hom,0,0,0,0,0,0,0,0
2020-03-29,Lo Wu,0,0,0,0,0,0,0,0
2020-03-29,Lok Ma Chau Spur Line,0,0,0,0,0,0,0,0
2020-03-29,Hong Kong-Zhuhai-Macao Bridge,60,7,16,83,36,5,181,222
2020-03-29,Lok Ma Chau,0,0,0,0,0,0,0,0
2020-03-29,Man Kam To,0,0,0,0,0,0,0,0
2020-03-29,Sha Tau Kok,0,0,0,0,0,0,0,0
2020-03-29,Shenzhen Bay,554,110,0,664,221,67,2,290
2020-03-29,China Ferry Terminal,0,0,0,0,0,0,0,0
2020-03-29,Harbour Control,0,0,0,0,0,0,0,0
2020-03-29,Kai Tak Cruise Terminal,0,0,0,0,0,0,0,0
2020-03-29,Macau Ferry Terminal,0,0,0,0,0,0,0,0
2020-03-29,Tuen Mun Ferry Terminal,0,0,0,0,0,0,0,0
2020-03-30,Airport,1924,7,138,2069,346,10,92,448
2020-03-30,Express Rail Link West Kowloon,0,0,0,0,0,0,0,0
2020-03-30,Hung Hom,0,0,0,0,0,0,0,0
2020-03-30,Lo Wu,0,0,0,0,0,0,0,0
2020-03-30,Lok Ma Chau Spur Line,0,0,0,0,0,0,0,0
2020-03-30,Hong Kong-Zhuhai-Macao Bridge,60,4,16,80,50,4,145,199
2020-03-30,Lok Ma Chau,0,0,0,0,0,0,0,0
2020-03-30,Man Kam To,0,0,0,0,0,0,0,0
2020-03-30,Sha Tau Kok,0,0,0,0,0,0,0,0
2020-03-30,Shenzhen Bay,704,79,1,784,284,82,4,370
2020-03-30,China Ferry Terminal,0,0,0,0,0,0,0,0
2020-03-30,Harbour Control,0,0,0,0,0,0,0,0
2020-03-30,Kai Tak Cruise Terminal,0,0,0,0,0,0,0,0
2020-03-30,Macau Ferry Terminal,0,0,0,0,0,0,0,0
2020-03-30,Tuen Mun Ferry Terminal,0,0,0,0,0,0,0,0
2020-03-31,Airport,1406,9,119,1534,569,20,142,731
2020-03-31,Express Rail Link West Kowloon,0,0,0,0,0,0,0,0
2020-03-31,Hung Hom,0,0,0,0,0,0,0,0
2020-03-31,Lo Wu,0,0,0,0,0,0,0,0
2020-03-31,Lok Ma Chau Spur Line,0,0,0,0,0,0,0,0
2020-03-31,Hong Kong-Zhuhai-Macao Bridge,76,5,17,98,56,6,122,184
2020-03-31,Lok Ma Chau,0,0,0,0,0,0,0,0
2020-03-31,Man Kam To,0,0,0,0,0,0,0,0
2020-03-31,Sha Tau Kok,0,0,0,0,0,0,0,0
2020-03-31,Shenzhen Bay,763,97,3,863,366,67,3,436
2020-03-31,China Ferry Terminal,0,0,0,0,0,0,0,0
2020-03-31,Harbour Control,0,0,0,0,0,0,0,0
2020-03-31,Kai Tak Cruise Terminal,0,0,0,0,0,0,0,0
2020-03-31,Macau Ferry Terminal,0,0,0,0,0,0,0,0
2020-03-31,Tuen Mun Ferry Terminal,0,0,0,0,0,0,0,0
2020-04-01,Airport,1144,5,34,1183,526,36,86,648
2020-04-01,Express Rail Link West Kowloon,0,0,0,0,0,0,0,0
2020-04-01,Hung Hom,0,0,0,0,0,0,0,0
2020-04-01,Lo Wu,0,0,0,0,0,0,0,0
2020-04-01,Lok Ma Chau Spur Line,0,0,0,0,0,0,0,0
2020-04-01,Hong Kong-Zhuhai-Macao Bridge,68,7,4,79,42,4,16,62
2020-04-01,Lok Ma Chau,0,0,0,0,0,0,0,0
2020-04-01,Man Kam To,0,0,0,0,0,0,0,0
2020-04-01,Sha Tau Kok,0,0,0,0,0,0,0,0
2020-04-01,Shenzhen Bay,798,84,2,884,385,123,0,508
2020-04-01,China Ferry Terminal,0,0,0,0,0,0,0,0
2020-04-01,Harbour Control,0,0,0,0,0,0,0,0
2020-04-01,Kai Tak Cruise Terminal,0,0,0,0,0,0,0,0
2020-04-01,Macau Ferry Terminal,0,0,0,0,0,0,0,0
2020-04-01,Tuen Mun Ferry Terminal,0,0,0,0,0,0,0,0
2020-04-02,Airport,662,4,9,675,269,21,59,349
2020-04-02,Express Rail Link West Kowloon,0,0,0,0,0,0,0,0
2020-04-02,Hung Hom,0,0,0,0,0,0,0,0
2020-04-02,Lo Wu,0,0,0,0,0,0,0,0
2020-04-02,Lok Ma Chau Spur Line,0,0,0,0,0,0,0,0
2020-04-02,Hong Kong-Zhuhai-Macao Bridge,67,3,0,70,70,0,6,76
2020-04-02,Lok Ma Chau,0,0,0,0,0,0,0,0
2020-04-02,Man Kam To,0,0,0,0,0,0,0,0
2020-04-02,Sha Tau Kok,0,0,0,0,0,0,0,0
2020-04-02,Shenzhen Bay,631,69,0,700,371,87,7,465
2020-04-02,China Ferry Terminal,0,0,0,0,0,0,0,0
2020-04-02,Harbour Control,0,0,0,0,0,0,0,0
2020-04-02,Kai Tak Cruise Terminal,0,0,0,0,0,0,0,0
2020-04-02,Macau Ferry Terminal,0,0,0,0,0,0,0,0
2020-04-02,Tuen Mun Ferry Terminal,0,0,0,0,0,0,0,0
2020-04-03,Airport,979,6,24,1009,610,38,87,735
2020-04-03,Express Rail Link West Kowloon,0,0,0,0,0,0,0,0
2020-04-03,Hung Hom,0,0,0,0,0,0,0,0
2020-04-03,Lo Wu,0,0,0,0,0,0,0,0
2020-04-03,Lok Ma Chau Spur Line,0,0,0,0,0,0,0,0
2020-04-03,Hong Kong-Zhuhai-Macao Bridge,59,6,4,69,59,7,6,72
2020-04-03,Lok Ma Chau,0,0,0,0,0,0,0,0
2020-04-03,Man Kam To,0,0,0,0,0,0,0,0
2020-04-03,Sha Tau Kok,0,0,0,0,0,0,0,0
2020-04-03,Shenzhen Bay,489,85,0,574,353,96,7,456
2020-04-03,China Ferry Terminal,0,0,0,0,0,0,0,0
2020-04-03,Harbour Control,0,0,0,0,0,0,0,0
2020-04-03,Kai Tak Cruise Terminal,0,0,0,0,0,0,0,0
2020-04-03,Macau Ferry Terminal,0,0,0,0,0,0,0,0
2020-04-03,Tuen Mun Ferry Terminal,0,0,0,0,0,0,0,0
2020-04-04,Airport,812,3,15,830,403,20,51,474
2020-04-04,Express Rail Link West Kowloon,0,0,0,0,0,0,0,0
2020-04-04,Hung Hom,0,0,0,0,0,0,0,0
2020-04-04,Lo Wu,0,0,0,0,0,0,0,0
2020-04-04,Lok Ma Chau Spur Line,0,0,0,0,0,0,0,0
2020-04-04,Hong Kong-Zhuhai-Macao Bridge,50,2,3,55,58,6,3,67
2020-04-04,Lok Ma Chau,0,0,0,0,0,0,0,0
2020-04-04,Man Kam To,0,0,0,0,0,0,0,0
2020-04-04,Sha Tau Kok,0,0,0,0,0,0,0,0
2020-04-04,Shenzhen Bay,344,73,0,417,296,86,5,387
2020-04-04,China Ferry Terminal,0,0,0,0,0,0,0,0
2020-04-04,Harbour Control,0,0,0,0,0,0,0,0
2020-04-04,Kai Tak Cruise Terminal,0,0,0,0,0,0,0,0
2020-04-04,Macau Ferry Terminal,0,0,0,0,0,0,0,0
2020-04-04,Tuen Mun Ferry Terminal,0,0,0,0,0,0,0,0
2020-04-05,Airport,806,0,7,813,284,10,71,365
2020-04-05,Express Rail Link West Kowloon,0,0,0,0,0,0,0,0
2020-04-05,Hung Hom,0,0,0,0,0,0,0,0
2020-04-05,Lo Wu,0,0,0,0,0,0,0,0
2020-04-05,Lok Ma Chau Spur Line,0,0,0,0,0,0,0,0
2020-04-05,Hong Kong-Zhuhai-Macao Bridge,226,12,18,256,142,5,18,165
2020-04-05,Lok Ma Chau,0,0,0,0,0,0,0,0
2020-04-05,Man Kam To,0,0,0,0,0,0,0,0
2020-04-05,Sha Tau Kok,0,0,0,0,0,0,0,0
2020-04-05,Shenzhen Bay,479,100,1,580,267,80,1,348
2020-04-05,China Ferry Terminal,0,0,0,0,0,0,0,0
2020-04-05,Harbour Control,0,0,0,0,0,0,0,0
2020-04-05,Kai Tak Cruise Terminal,0,0,0,0,0,0,0,0
2020-04-05,Macau Ferry Terminal,0,0,0,0,0,0,0,0
2020-04-05,Tuen Mun Ferry Terminal,0,0,0,0,0,0,0,0
2020-04-06,Airport,833,2,13,848,185,13,43,241
2020-04-06,Express Rail Link West Kowloon,0,0,0,0,0,0,0,0
2020-04-06,Hung Hom,0,0,0,0,0,0,0,0
2020-04-06,Lo Wu,0,0,0,0,0,0,0,0
2020-04-06,Lok Ma Chau Spur Line,0,0,0,0,0,0,0,0
2020-04-06,Hong Kong-Zhuhai-Macao Bridge,20,7,1,28,27,2,0,29
2020-04-06,Lok Ma Chau,0,0,0,0,0,0,0,0
2020-04-06,Man Kam To,0,0,0,0,0,0,0,0
2020-04-06,Sha Tau Kok,0,0,0,0,0,0,0,0
2020-04-06,Shenzhen Bay,498,89,2,589,446,72,6,524
2020-04-06,China Ferry Terminal,0,0,0,0,0,0,0,0
2020-04-06,Harbour Control,0,0,0,0,0,0,0,0
2020-04-06,Kai Tak Cruise Terminal,0,0,0,0,0,0,0,0
2020-04-06,Macau Ferry Terminal,0,0,0,0,0,0,0,0
2020-04-06,Tuen Mun Ferry Terminal,0,0,0,0,0,0,0,0
2020-04-07,Airport,347,4,16,367,217,14,43,274
2020-04-07,Express Rail Link West Kowloon,0,0,0,0,0,0,0,0
2020-04-07,Hung Hom,0,0,0,0,0,0,0,0
2020-04-07,Lo Wu,0,0,0,0,0,0,0,0
2020-04-07,Lok Ma Chau Spur Line,0,0,0,0,0,0,0,0
2020-04-07,Hong Kong-Zhuhai-Macao Bridge,34,8,0,42,30,5,0,35
2020-04-07,Lok Ma Chau,0,0,0,0,0,0,0,0
2020-04-07,Man Kam To,0,0,0,0,0,0,0,0
2020-04-07,Sha Tau Kok,0,0,0,0,0,0,0,0
2020-04-07,Shenzhen Bay,511,72,0,583,355,107,7,469
2020-04-07,China Ferry Terminal,0,0,0,0,0,0,0,0
2020-04-07,Harbour Control,0,0,0,0,0,0,0,0
2020-04-07,Kai Tak Cruise Terminal,0,0,0,0,0,0,0,0
2020-04-07,Macau Ferry Terminal,0,0,0,0,0,0,0,0
2020-04-07,Tuen Mun Ferry Terminal,0,0,0,0,0,0,0,0
2020-04-08,Airport,835,6,24,865,361,14,59,434
2020-04-08,Express Rail Link West Kowloon,0,0,0,0,0,0,0,0
2020-04-08,Hung Hom,0,0,0,0,0,0,0,0
2020-04-08,Lo Wu,0,0,0,0,0,0,0,0
2020-04-08,Lok Ma Chau Spur Line,0,0,0,0,0,0,0,0
2020-04-08,Hong Kong-Zhuhai-Macao Bridge,24,3,0,27,24,2,1,27
2020-04-08,Lok Ma Chau,0,0,0,0,0,0,0,0
2020-04-08,Man Kam To,0,0,0,0,0,0,0,0
2020-04-08,Sha Tau Kok,0,0,0,0,0,0,0,0
2020-04-08,Shenzhen Bay,587,96,1,684,314,77,3,394
2020-04-08,China Ferry Terminal,0,0,0,0,0,0,0,0
2020-04-08,Harbour Control,0,0,0,0,0,0,0,0
2020-04-08,Kai Tak Cruise Terminal,0,0,0,0,0,0,0,0
2020-04-08,Macau Ferry Terminal,0,0,0,0,0,0,0,0
2020-04-08,Tuen Mun Ferry Terminal,0,0,0,0,0,0,0,0
2020-04-09,Airport,439,0,17,456,189,3,39,231
2020-04-09,Express Rail Link West Kowloon,0,0,0,0,0,0,0,0
2020-04-09,Hung Hom,0,0,0,0,0,0,0,0
2020-04-09,Lo Wu,0,0,0,0,0,0,0,0
2020-04-09,Lok Ma Chau Spur Line,0,0,0,0,0,0,0,0
2020-04-09,Hong Kong-Zhuhai-Macao Bridge,33,8,0,41,16,7,2,25
2020-04-09,Lok Ma Chau,0,0,0,0,0,0,0,0
2020-04-09,Man Kam To,0,0,0,0,0,0,0,0
2020-04-09,Sha Tau Kok,0,0,0,0,0,0,0,0
2020-04-09,Shenzhen Bay,584,85,1,670,349,122,3,474
2020-04-09,China Ferry Terminal,0,0,0,0,0,0,0,0
2020-04-09,Harbour Control,0,0,0,0,0,0,0,0
2020-04-09,Kai Tak Cruise Terminal,0,0,0,0,0,0,0,0
2020-04-09,Macau Ferry Terminal,0,0,0,0,0,0,0,0
2020-04-09,Tuen Mun Ferry Terminal,0,0,0,0,0,0,0,0
2020-04-10,Airport,811,9,39,859,503,20,74,597
2020-04-10,Express Rail Link West Kowloon,0,0,0,0,0,0,0,0
2020-04-10,Hung Hom,0,0,0,0,0,0,0,0
2020-04-10,Lo Wu,0,0,0,0,0,0,0,0
2020-04-10,Lok Ma Chau Spur Line,0,0,0,0,0,0,0,0
2020-04-10,Hong Kong-Zhuhai-Macao Bridge,36,6,0,42,16,3,3,22
2020-04-10,Lok Ma Chau,0,0,0,0,0,0,0,0
2020-04-10,Man Kam To,0,0,0,0,0,0,0,0
2020-04-10,Sha Tau Kok,0,0,0,0,0,0,0,0
2020-04-10,Shenzhen Bay,613,131,1,745,397,129,1,527
2020-04-10,China Ferry Terminal,0,0,0,0,0,0,0,0
2020-04-10,Harbour Control,0,0,0,0,0,0,0,0
2020-04-10,Kai Tak Cruise Terminal,0,0,0,0,0,0,0,0
2020-04-10,Macau Ferry Terminal,0,0,0,0,0,0,0,0
2020-04-10,Tuen Mun Ferry Terminal,0,0,0,0,0,0,0,0
2020-04-11,Airport,220,0,8,228,195,4,33,232
2020-04-11,Express Rail Link West Kowloon,0,0,0,0,0,0,0,0
2020-04-11,Hung Hom,0,0,0,0,0,0,0,0
2020-04-11,Lo Wu,0,0,0,0,0,0,0,0
2020-04-11,Lok Ma Chau Spur Line,0,0,0,0,0,0,0,0
2020-04-11,Hong Kong-Zhuhai-Macao Bridge,22,9,4,35,23,2,2,27
2020-04-11,Lok Ma Chau,0,0,0,0,0,0,0,0
2020-04-11,Man Kam To,0,0,0,0,0,0,0,0
2020-04-11,Sha Tau Kok,0,0,0,0,0,0,0,0
2020-04-11,Shenzhen Bay,590,102,5,697,306,58,2,366
2020-04-11,China Ferry Terminal,0,0,0,0,0,0,0,0
2020-04-11,Harbour Control,0,0,0,0,0,0,0,0
2020-04-11,Kai Tak Cruise Terminal,0,0,0,0,0,0,0,0
2020-04-11,Macau Ferry Terminal,0,0,0,0,0,0,0,0
2020-04-11,Tuen Mun Ferry Terminal,0,0,0,0,0,0,0,0
2020-04-12,Airport,544,4,24,572,352,30,54,436
2020-04-12,Express Rail Link West Kowloon,0,0,0,0,0,0,0,0
2020-04-12,Hung Hom,0,0,0,0,0,0,0,0
2020-04-12,Lo Wu,0,0,0,0,0,0,0,0
2020-04-12,Lok Ma Chau Spur Line,0,0,0,0,0,0,0,0
2020-04-12,Hong Kong-Zhuhai-Macao Bridge,49,4,1,54,10,0,0,10
2020-04-12,Lok Ma Chau,0,0,0,0,0,0,0,0
2020-04-12,Man Kam To,0,0,0,0,0,0,0,0
2020-04-12,Sha Tau Kok,0,0,0,0,0,0,0,0
2020-04-12,Shenzhen Bay,455,99,1,555,258,57,1,316
2020-04-12,China Ferry Terminal,0,0,0,0,0,0,0,0
2020-04-12,Harbour Control,0,0,0,0,0,0,0,0
2020-04-12,Kai Tak Cruise Terminal,0,0,0,0,0,0,0,0
2020-04-12,Macau Ferry Terminal,0,0,0,0,0,0,0,0
2020-04-12,Tuen Mun Ferry Terminal,0,0,0,0,0,0,0,0
2020-04-13,Airport,395,1,18,414,71,6,28,105
2020-04-13,Express Rail Link West Kowloon,0,0,0,0,0,0,0,0
2020-04-13,Hung Hom,0,0,0,0,0,0,0,0
2020-04-13,Lo Wu,0,0,0,0,0,0,0,0
2020-04-13,Lok Ma Chau Spur Line,0,0,0,0,0,0,0,0
2020-04-13,Hong Kong-Zhuhai-Macao Bridge,51,3,0,54,17,1,1,19
2020-04-13,Lok Ma Chau,0,0,0,0,0,0,0,0
2020-04-13,Man Kam To,0,0,0,0,0,0,0,0
2020-04-13,Sha Tau Kok,0,0,0,0,0,0,0,0
2020-04-13,Shenzhen Bay,511,98,5,614,273,72,4,349
2020-04-13,China Ferry Terminal,0,0,0,0,0,0,0,0
2020-04-13,Harbour Control,0,0,0,0,0,0,0,0
2020-04-13,Kai Tak Cruise Terminal,0,0,0,0,0,0,0,0
2020-04-13,Macau Ferry Terminal,0,0,0,0,0,0,0,0
2020-04-13,Tuen Mun Ferry Terminal,0,0,0,0,0,0,0,0
2020-04-14,Airport,430,7,10,447,150,10,50,210
2020-04-14,Express Rail Link West Kowloon,0,0,0,0,0,0,0,0
2020-04-14,Hung Hom,0,0,0,0,0,0,0,0
2020-04-14,Lo Wu,0,0,0,0,0,0,0,0
2020-04-14,Lok Ma Chau Spur Line,0,0,0,0,0,0,0,0
2020-04-14,Hong Kong-Zhuhai-Macao Bridge,36,4,1,41,21,5,3,29
2020-04-14,Lok Ma Chau,0,0,0,0,0,0,0,0
2020-04-14,Man Kam To,0,0,0,0,0,0,0,0
2020-04-14,Sha Tau Kok,0,0,0,0,0,0,0,0
2020-04-14,Shenzhen Bay,588,70,0,658,275,64,1,340
2020-04-14,China Ferry Terminal,0,0,0,0,0,0,0,0
2020-04-14,Harbour Control,0,0,0,0,0,0,0,0
2020-04-14,Kai Tak Cruise Terminal,0,0,0,0,0,0,0,0
2020-04-14,Macau Ferry Terminal,0,0,0,0,0,0,0,0
2020-04-14,Tuen Mun Ferry Terminal,0,0,0,0,0,0,0,0
2020-04-15,Airport,481,2,16,499,331,12,60,403
2020-04-15,Express Rail Link West Kowloon,0,0,0,0,0,0,0,0
2020-04-15,Hung Hom,0,0,0,0,0,0,0,0
2020-04-15,Lo Wu,0,0,0,0,0,0,0,0
2020-04-15,Lok Ma Chau Spur Line,0,0,0,0,0,0,0,0
2020-04-15,Hong Kong-Zhuhai-Macao Bridge,33,4,1,38,17,3,0,20
2020-04-15,Lok Ma Chau,0,0,0,0,0,0,0,0
2020-04-15,Man Kam To,0,0,0,0,0,0,0,0
2020-04-15,Sha Tau Kok,0,0,0,0,0,0,0,0
2020-04-15,Shenzhen Bay,613,93,1,707,240,69,2,311
2020-04-15,China Ferry Terminal,0,0,0,0,0,0,0,0
2020-04-15,Harbour Control,0,0,0,0,0,0,0,0
2020-04-15,Kai Tak Cruise Terminal,0,0,0,0,0,0,0,0
2020-04-15,Macau Ferry Terminal,0,0,0,0,0,0,0,0
2020-04-15,Tuen Mun Ferry Terminal,0,0,0,0,0,0,0,0
2020-04-16,Airport,397,1,19,417,147,15,24,186
2020-04-16,Express Rail Link West Kowloon,0,0,0,0,0,0,0,0
2020-04-16,Hung Hom,0,0,0,0,0,0,0,0
2020-04-16,Lo Wu,0,0,0,0,0,0,0,0
2020-04-16,Lok Ma Chau Spur Line,0,0,0,0,0,0,0,0
2020-04-16,Hong Kong-Zhuhai-Macao Bridge,26,2,0,28,11,0,1,12
2020-04-16,Lok Ma Chau,0,0,0,0,0,0,0,0
2020-04-16,Man Kam To,0,0,0,0,0,0,0,0
2020-04-16,Sha Tau Kok,0,0,0,0,0,0,0,0
2020-04-16,Shenzhen Bay,527,81,3,611,223,56,0,279
2020-04-16,China Ferry Terminal,0,0,0,0,0,0,0,0
2020-04-16,Harbour Control,0,0,0,0,0,0,0,0
2020-04-16,Kai Tak Cruise Terminal,0,0,0,0,0,0,0,0
2020-04-16,Macau Ferry Terminal,0,0,0,0,0,0,0,0
2020-04-16,Tuen Mun Ferry Terminal,0,0,0,0,0,0,0,0
2020-04-17,Airport,820,6,20,846,507,15,80,602
2020-04-17,Express Rail Link West Kowloon,0,0,0,0,0,0,0,0
2020-04-17,Hung Hom,0,0,0,0,0,0,0,0
2020-04-17,Lo Wu,0,0,0,0,0,0,0,0
2020-04-17,Lok Ma Chau Spur Line,0,0,0,0,0,0,0,0
2020-04-17,Hong Kong-Zhuhai-Macao Bridge,24,4,2,30,27,2,2,31
2020-04-17,Lok Ma Chau,0,0,0,0,0,0,0,0
2020-04-17,Man Kam To,0,0,0,0,0,0,0,0
2020-04-17,Sha Tau Kok,0,0,0,0,0,0,0,0
2020-04-17,Shenzhen Bay,519,77,4,600,180,54,4,238
2020-04-17,China Ferry Terminal,0,0,0,0,0,0,0,0
2020-04-17,Harbour Control,0,0,0,0,0,0,0,0
2020-04-17,Kai Tak Cruise Terminal,0,0,0,0,0,0,0,0
2020-04-17,Macau Ferry Terminal,0,0,0,0,0,0,0,0
2020-04-17,Tuen Mun Ferry Terminal,0,0,0,0,0,0,0,0
2020-04-18,Airport,373,9,14,396,336,19,67,422
2020-04-18,Express Rail Link West Kowloon,0,0,0,0,0,0,0,0
2020-04-18,Hung Hom,0,0,0,0,0,0,0,0
2020-04-18,Lo Wu,0,0,0,0,0,0,0,0
2020-04-18,Lok Ma Chau Spur Line,0,0,0,0,0,0,0,0
2020-04-18,Hong Kong-Zhuhai-Macao Bridge,33,8,1,42,11,4,6,21
2020-04-18,Lok Ma Chau,0,0,0,0,0,0,0,0
2020-04-18,Man Kam To,0,0,0,0,0,0,0,0
2020-04-18,Sha Tau Kok,0,0,0,0,0,0,0,0
2020-04-18,Shenzhen Bay,456,86,0,542,194,65,4,263
2020-04-18,China Ferry Terminal,0,0,0,0,0,0,0,0
2020-04-18,Harbour Control,0,0,0,0,0,0,0,0
2020-04-18,Kai Tak Cruise Terminal,0,0,0,0,0,0,0,0
2020-04-18,Macau Ferry Terminal,0,0,0,0,0,0,0,0
2020-04-18,Tuen Mun Ferry Terminal,0,0,0,0,0,0,0,0
2020-04-19,Airport,452,2,13,467,273,2,44,319
2020-04-19,Express Rail Link West Kowloon,0,0,0,0,0,0,0,0
2020-04-19,Hung Hom,0,0,0,0,0,0,0,0
2020-04-19,Lo Wu,0,0,0,0,0,0,0,0
2020-04-19,Lok Ma Chau Spur Line,0,0,0,0,0,0,0,0
2020-04-19,Hong Kong-Zhuhai-Macao Bridge,21,1,0,22,7,0,0,7
2020-04-19,Lok Ma Chau,0,0,0,0,0,0,0,0
2020-04-19,Man Kam To,0,0,0,0,0,0,0,0
2020-04-19,Sha Tau Kok,0,0,0,0,0,0,0,0
2020-04-19,Shenzhen Bay,543,96,3,642,168,53,0,221
2020-04-19,China Ferry Terminal,0,0,0,0,0,0,0,0
2020-04-19,Harbour Control,0,0,0,0,0,0,0,0
2020-04-19,Kai Tak Cruise Terminal,0,0,0,0,0,0,0,0
2020-04-19,Macau Ferry Terminal,0,0,0,0,0,0,0,0
2020-04-19,Tuen Mun Ferry Terminal,0,0,0,0,0,0,0,0
2020-04-20,Airport,460,6,20,486,190,26,25,241
2020-04-20,Express Rail Link West Kowloon,0,0,0,0,0,0,0,0
2020-04-20,Hung Hom,0,0,0,0,0,0,0,0
2020-04-20,Lo Wu,0,0,0,0,0,0,0,0
2020-04-20,Lok Ma Chau Spur Line,0,0,0,0,0,0,0,0
2020-04-20,Hong Kong-Zhuhai-Macao Bridge,40,0,1,41,12,1,0,13
2020-04-20,Lok Ma Chau,0,0,0,0,0,0,0,0
2020-04-20,Man Kam To,0,0,0,0,0,0,0,0
2020-04-20,Sha Tau Kok,0,0,0,0,0,0,0,0
2020-04-20,Shenzhen Bay,663,80,2,745,306,73,7,386
2020-04-20,China Ferry Terminal,0,0,0,0,0,0,0,0
2020-04-20,Harbour Control,0,0,0,0,0,0,0,0
2020-04-20,Kai Tak Cruise Terminal,0,0,0,0,0,0,0,0
2020-04-20,Macau Ferry Terminal,0,0,0,0,0,0,0,0
2020-04-20,Tuen Mun Ferry Terminal,0,0,0,0,0,0,0,0
2020-04-21,Airport,324,3,22,349,86,3,28,117
2020-04-21,Express Rail Link West Kowloon,0,0,0,0,0,0,0,0
2020-04-21,Hung Hom,0,0,0,0,0,0,0,0
2020-04-21,Lo Wu,0,0,0,0,0,0,0,0
2020-04-21,Lok Ma Chau Spur Line,0,0,0,0,0,0,0,0
2020-04-21,Hong Kong-Zhuhai-Macao Bridge,24,4,0,28,24,5,2,31
2020-04-21,Lok Ma Chau,0,0,0,0,0,0,0,0
2020-04-21,Man Kam To,0,0,0,0,0,0,0,0
2020-04-21,Sha Tau Kok,0,0,0,0,0,0,0,0
2020-04-21,Shenzhen Bay,438,66,1,505,213,37,1,251
2020-04-21,China Ferry Terminal,0,0,0,0,0,0,0,0
2020-04-21,Harbour Control,0,0,0,0,0,0,0,0
2020-04-21,Kai Tak Cruise Terminal,0,0,0,0,0,0,0,0
2020-04-21,Macau Ferry Terminal,0,0,0,0,0,0,0,0
2020-04-21,Tuen Mun Ferry Terminal,0,0,0,0,0,0,0,0
2020-04-22,Airport,561,2,29,592,243,6,57,306
2020-04-22,Express Rail Link West Kowloon,0,0,0,0,0,0,0,0
2020-04-22,Hung Hom,0,0,0,0,0,0,0,0
2020-04-22,Lo Wu,0,0,0,0,0,0,0,0
2020-04-22,Lok Ma Chau Spur Line,0,0,0,0,0,0,0,0
2020-04-22,Hong Kong-Zhuhai-Macao Bridge,47,3,1,51,11,4,1,16
2020-04-22,Lok Ma Chau,0,0,0,0,0,0,0,0
2020-04-22,Man Kam To,0,0,0,0,0,0,0,0
2020-04-22,Sha Tau Kok,0,0,0,0,0,0,0,0
2020-04-22,Shenzhen Bay,384,60,3,447,242,44,0,286
2020-04-22,China Ferry Terminal,0,0,0,0,0,0,0,0
2020-04-22,Harbour Control,0,0,0,0,0,0,0,0
2020-04-22,Kai Tak Cruise Terminal,0,0,0,0,0,0,0,0
2020-04-22,Macau Ferry Terminal,0,0,0,0,0,0,0,0
2020-04-22,Tuen Mun Ferry Terminal,0,0,0,0,0,0,0,0
2020-04-23,Airport,241,2,19,262,179,13,59,251
2020-04-23,Express Rail Link West Kowloon,0,0,0,0,0,0,0,0
2020-04-23,Hung Hom,0,0,0,0,0,0,0,0
2020-04-23,Lo Wu,0,0,0,0,0,0,0,0
2020-04-23,Lok Ma Chau Spur Line,0,0,0,0,0,0,0,0
2020-04-23,Hong Kong-Zhuhai-Macao Bridge,24,1,1,26,8,1,2,11
2020-04-23,Lok Ma Chau,0,0,0,0,0,0,0,0
2020-04-23,Man Kam To,0,0,0,0,0,0,0,0
2020-04-23,Sha Tau Kok,0,0,0,0,0,0,0,0
2020-04-23,Shenzhen Bay,351,56,1,408,210,64,1,275
2020-04-23,China Ferry Terminal,0,0,0,0,0,0,0,0
2020-04-23,Harbour Control,0,0,0,0,0,0,0,0
2020-04-23,Kai Tak Cruise Terminal,0,0,0,0,0,0,0,0
2020-04-23,Macau Ferry Terminal,0,0,0,0,0,0,0,0
2020-04-23,Tuen Mun Ferry Terminal,0,0,0,0,0,0,0,0
2020-04-24,Airport,817,0,26,843,374,5,63,442
2020-04-24,Express Rail Link West Kowloon,0,0,0,0,0,0,0,0
2020-04-24,Hung Hom,0,0,0,0,0,0,0,0
2020-04-24,Lo Wu,0,0,0,0,0,0,0,0
2020-04-24,Lok Ma Chau Spur Line,0,0,0,0,0,0,0,0
2020-04-24,Hong Kong-Zhuhai-Macao Bridge,36,2,0,38,13,2,0,15
2020-04-24,Lok Ma Chau,0,0,0,0,0,0,0,0
2020-04-24,Man Kam To,0,0,0,0,0,0,0,0
2020-04-24,Sha Tau Kok,0,0,0,0,0,0,0,0
2020-04-24,Shenzhen Bay,397,38,0,435,214,36,2,252
2020-04-24,China Ferry Terminal,0,0,0,0,0,0,0,0
2020-04-24,Harbour Control,0,0,0,0,0,0,0,0
2020-04-24,Kai Tak Cruise Terminal,0,0,0,0,0,0,0,0
2020-04-24,Macau Ferry Terminal,0,0,0,0,0,0,0,0
2020-04-24,Tuen Mun Ferry Terminal,0,0,0,0,0,0,0,0
2020-04-25,Airport,378,7,20,405,241,13,41,295
2020-04-25,Express Rail Link West Kowloon,0,0,0,0,0,0,0,0
2020-04-25,Hung Hom,0,0,0,0,0,0,0,0
2020-04-25,Lo Wu,0,0,0,0,0,0,0,0
2020-04-25,Lok Ma Chau Spur Line,0,0,0,0,0,0,0,0
2020-04-25,Hong Kong-Zhuhai-Macao Bridge,26,1,0,27,19,0,0,19
2020-04-25,Lok Ma Chau,0,0,0,0,0,0,0,0
2020-04-25,Man Kam To,0,0,0,0,0,0,0,0
2020-04-25,Sha Tau Kok,0,0,0,0,0,0,0,0
2020-04-25,Shenzhen Bay,429,67,4,500,208,37,0,245
2020-04-25,China Ferry Terminal,0,0,0,0,0,0,0,0
2020-04-25,Harbour Control,0,0,0,0,0,0,0,0
2020-04-25,Kai Tak Cruise Terminal,0,0,0,0,0,0,0,0
2020-04-25,Macau Ferry Terminal,0,0,0,0,0,0,0,0
2020-04-25,Tuen Mun Ferry Terminal,0,0,0,0,0,0,0,0
2020-04-26,Airport,421,1,20,442,333,18,35,386
2020-04-26,Express Rail Link West Kowloon,0,0,0,0,0,0,0,0
2020-04-26,Hung Hom,0,0,0,0,0,0,0,0
2020-04-26,Lo Wu,0,0,0,0,0,0,0,0
2020-04-26,Lok Ma Chau Spur Line,0,0,0,0,0,0,0,0
2020-04-26,Hong Kong-Zhuhai-Macao Bridge,21,1,0,22,8,1,0,9
2020-04-26,Lok Ma Chau,0,0,0,0,0,0,0,0
2020-04-26,Man Kam To,0,0,0,0,0,0,0,0
2020-04-26,Sha Tau Kok,0,0,0,0,0,0,0,0
2020-04-26,Shenzhen Bay,407,80,4,491,184,59,2,245
2020-04-26,China Ferry Terminal,0,0,0,0,0,0,0,0
2020-04-26,Harbour Control,0,0,0,0,0,0,0,0
2020-04-26,Kai Tak Cruise Terminal,0,0,0,0,0,0,0,0
2020-04-26,Macau Ferry Terminal,0,0,0,0,0,0,0,0
2020-04-26,Tuen Mun Ferry Terminal,0,0,0,0,0,0,0,0
2020-04-27,Airport,411,2,10,423,125,1,22,148
2020-04-27,Express Rail Link West Kowloon,0,0,0,0,0,0,0,0
2020-04-27,Hung Hom,0,0,0,0,0,0,0,0
2020-04-27,Lo Wu,0,0,0,0,0,0,0,0
2020-04-27,Lok Ma Chau Spur Line,0,0,0,0,0,0,0,0
2020-04-27,Hong Kong-Zhuhai-Macao Bridge,33,2,1,36,36,1,3,40
2020-04-27,Lok Ma Chau,0,0,0,0,0,0,0,0
2020-04-27,Man Kam To,0,0,0,0,0,0,0,0
2020-04-27,Sha Tau Kok,0,0,0,0,0,0,0,0
2020-04-27,Shenzhen Bay,454,70,1,525,577,146,7,730
2020-04-27,China Ferry Terminal,0,0,0,0,0,0,0,0
2020-04-27,Harbour Control,0,0,0,0,0,0,0,0
2020-04-27,Kai Tak Cruise Terminal,0,0,0,0,0,0,0,0
2020-04-27,Macau Ferry Terminal,0,0,0,0,0,0,0,0
2020-04-27,Tuen Mun Ferry Terminal,0,0,0,0,0,0,0,0
2020-04-28,Airport,464,0,64,528,160,1,50,211
2020-04-28,Express Rail Link West Kowloon,0,0,0,0,0,0,0,0
2020-04-28,Hung Hom,0,0,0,0,0,0,0,0
2020-04-28,Lo Wu,0,0,0,0,0,0,0,0
2020-04-28,Lok Ma Chau Spur Line,0,0,0,0,0,0,0,0
2020-04-28,Hong Kong-Zhuhai-Macao Bridge,22,2,1,25,19,1,3,23
2020-04-28,Lok Ma Chau,0,0,0,0,0,0,0,0
2020-04-28,Man Kam To,0,0,0,0,0,0,0,0
2020-04-28,Sha Tau Kok,0,0,0,0,0,0,0,0
2020-04-28,Shenzhen Bay,341,49,1,391,176,25,3,204
2020-04-28,China Ferry Terminal,0,0,0,0,0,0,0,0
2020-04-28,Harbour Control,0,0,0,0,0,0,0,0
2020-04-28,Kai Tak Cruise Terminal,0,0,0,0,0,0,0,0
2020-04-28,Macau Ferry Terminal,0,0,0,0,0,0,0,0
2020-04-28,Tuen Mun Ferry Terminal,0,0,0,0,0,0,0,0
2020-04-29,Airport,814,4,15,833,341,6,44,391
2020-04-29,Express Rail Link West Kowloon,0,0,0,0,0,0,0,0
2020-04-29,Hung Hom,0,0,0,0,0,0,0,0
2020-04-29,Lo Wu,0,0,0,0,0,0,0,0
2020-04-29,Lok Ma Chau Spur Line,0,0,0,0,0,0,0,0
2020-04-29,Hong Kong-Zhuhai-Macao Bridge,24,2,0,26,18,1,1,20
2020-04-29,Lok Ma Chau,0,0,0,0,0,0,0,0
2020-04-29,Man Kam To,0,0,0,0,0,0,0,0
2020-04-29,Sha Tau Kok,0,0,0,0,0,0,0,0
2020-04-29,Shenzhen Bay,455,70,2,527,242,23,5,270
2020-04-29,China Ferry Terminal,0,0,0,0,0,0,0,0
2020-04-29,Harbour Control,0,0,0,0,0,0,0,0
2020-04-29,Kai Tak Cruise Terminal,0,0,0,0,0,0,0,0
2020-04-29,Macau Ferry Terminal,0,0,0,0,0,0,0,0
2020-04-29,Tuen Mun Ferry Terminal,0,0,0,0,0,0,0,0
2020-04-30,Airport,747,5,48,800,254,17,31,302
2020-04-30,Express Rail Link West Kowloon,0,0,0,0,0,0,0,0
2020-04-30,Hung Hom,0,0,0,0,0,0,0,0
2020-04-30,Lo Wu,0,0,0,0,0,0,0,0
2020-04-30,Lok Ma Chau Spur Line,0,0,0,0,0,0,0,0
2020-04-30,Hong Kong-Zhuhai-Macao Bridge,37,6,2,45,31,2,3,36
2020-04-30,Lok Ma Chau,0,0,0,0,0,0,0,0
2020-04-30,Man Kam To,0,0,0,0,0,0,0,0
2020-04-30,Sha Tau Kok,0,0,0,0,0,0,0,0
2020-04-30,Shenzhen Bay,827,114,2,943,348,70,4,422
2020-04-30,China Ferry Terminal,0,0,0,0,0,0,0,0
2020-04-30,Harbour Control,0,0,0,0,0,0,0,0
2020-04-30,Kai Tak Cruise Terminal,0,0,0,0,0,0,0,0
2020-04-30,Macau Ferry Terminal,0,0,0,0,0,0,0,0
2020-04-30,Tuen Mun Ferry Terminal,0,0,0,0,0,0,0,0
2020-05-01,Airport,837,4,24,865,533,6,98,637
2020-05-01,Express Rail Link West Kowloon,0,0,0,0,0,0,0,0
2020-05-01,Hung Hom,0,0,0,0,0,0,0,0
2020-05-01,Lo Wu,0,0,0,0,0,0,0,0
2020-05-01,Lok Ma Chau Spur Line,0,0,0,0,0,0,0,0
2020-05-01,Hong Kong-Zhuhai-Macao Bridge,35,5,1,41,17,1,1,19
2020-05-01,Lok Ma Chau,0,0,0,0,0,0,0,0
2020-05-01,Man Kam To,0,0,0,0,0,0,0,0
2020-05-01,Sha Tau Kok,0,0,0,0,0,0,0,0
2020-05-01,Shenzhen Bay,507,110,5,622,265,56,1,322
2020-05-01,China Ferry Terminal,0,0,0,0,0,0,0,0
2020-05-01,Harbour Control,0,0,0,0,0,0,0,0
2020-05-01,Kai Tak Cruise Terminal,0,0,0,0,0,0,0,0
2020-05-01,Macau Ferry Terminal,0,0,0,0,0,0,0,0
2020-05-01,Tuen Mun Ferry Terminal,0,0,0,0,0,0,0,0
2020-05-02,Airport,452,6,39,497,352,4,72,428
2020-05-02,Express Rail Link West Kowloon,0,0,0,0,0,0,0,0
2020-05-02,Hung Hom,0,0,0,0,0,0,0,0
2020-05-02,Lo Wu,0,0,0,0,0,0,0,0
2020-05-02,Lok Ma Chau Spur Line,0,0,0,0,0,0,0,0
2020-05-02,Hong Kong-Zhuhai-Macao Bridge,34,5,0,39,24,0,0,24
2020-05-02,Lok Ma Chau,0,0,0,0,0,0,0,0
2020-05-02,Man Kam To,0,0,0,0,0,0,0,0
2020-05-02,Sha Tau Kok,0,0,0,0,0,0,0,0
2020-05-02,Shenzhen Bay,534,89,0,623,220,27,3,250
2020-05-02,China Ferry Terminal,0,0,0,0,0,0,0,0
2020-05-02,Harbour Control,0,0,0,0,0,0,0,0
2020-05-02,Kai Tak Cruise Terminal,0,0,0,0,0,0,0,0
2020-05-02,Macau Ferry Terminal,0,0,0,0,0,0,0,0
2020-05-02,Tuen Mun Ferry Terminal,0,0,0,0,0,0,0,0
2020-05-03,Airport,713,1,26,740,212,6,44,262
2020-05-03,Express Rail Link West Kowloon,0,0,0,0,0,0,0,0
2020-05-03,Hung Hom,0,0,0,0,0,0,0,0
2020-05-03,Lo Wu,0,0,0,0,0,0,0,0
2020-05-03,Lok Ma Chau Spur Line,0,0,0,0,0,0,0,0
2020-05-03,Hong Kong-Zhuhai-Macao Bridge,38,1,7,46,10,2,4,16
2020-05-03,Lok Ma Chau,0,0,0,0,0,0,0,0
2020-05-03,Man Kam To,0,0,0,0,0,0,0,0
2020-05-03,Sha Tau Kok,0,0,0,0,0,0,0,0
2020-05-03,Shenzhen Bay,719,140,2,861,211,40,2,253
2020-05-03,China Ferry Terminal,0,0,0,0,0,0,0,0
2020-05-03,Harbour Control,0,0,0,0,0,0,0,0
2020-05-03,Kai Tak Cruise Terminal,0,0,0,0,0,0,0,0
2020-05-03,Macau Ferry Terminal,0,0,0,0,0,0,0,0
2020-05-03,Tuen Mun Ferry Terminal,0,0,0,0,0,0,0,0
2020-05-04,Airport,770,10,19,799,251,4,161,416
2020-05-04,Express Rail Link West Kowloon,0,0,0,0,0,0,0,0
2020-05-04,Hung Hom,0,0,0,0,0,0,0,0
2020-05-04,Lo Wu,0,0,0,0,0,0,0,0
2020-05-04,Lok Ma Chau Spur Line,0,0,0,0,0,0,0,0
2020-05-04,Hong Kong-Zhuhai-Macao Bridge,50,5,11,66,19,1,0,20
2020-05-04,Lok Ma Chau,0,0,0,0,0,0,0,0
2020-05-04,Man Kam To,0,0,0,0,0,0,0,0
2020-05-04,Sha Tau Kok,0,0,0,0,0,0,0,0
2020-05-04,Shenzhen Bay,629,79,4,712,288,33,6,327
2020-05-04,China Ferry Terminal,0,0,0,0,0,0,0,0
2020-05-04,Harbour Control,0,0,0,0,0,0,0,0
2020-05-04,Kai Tak Cruise Terminal,0,0,0,0,0,0,0,0
2020-05-04,Macau Ferry Terminal,0,0,0,0,0,0,0,0
2020-05-04,Tuen Mun Ferry Terminal,0,0,0,0,0,0,0,0
2020-05-05,Airport,372,3,11,386,138,2,24,164
2020-05-05,Express Rail Link West Kowloon,0,0,0,0,0,0,0,0
2020-05-05,Hung Hom,0,0,0,0,0,0,0,0
2020-05-05,Lo Wu,0,0,0,0,0,0,0,0
2020-05-05,Lok Ma Chau Spur Line,0,0,0,0,0,0,0,0
2020-05-05,Hong Kong-Zhuhai-Macao Bridge,49,6,2,57,29,0,2,31
2020-05-05,Lok Ma Chau,0,0,0,0,0,0,0,0
2020-05-05,Man Kam To,0,0,0,0,0,0,0,0
2020-05-05,Sha Tau Kok,0,0,0,0,0,0,0,0
2020-05-05,Shenzhen Bay,587,75,1,663,257,36,12,305
2020-05-05,China Ferry Terminal,0,0,0,0,0,0,0,0
2020-05-05,Harbour Control,0,0,0,0,0,0,0,0
2020-05-05,Kai Tak Cruise Terminal,0,0,0,0,0,0,0,0
2020-05-05,Macau Ferry Terminal,0,0,0,0,0,0,0,0
2020-05-05,Tuen Mun Ferry Terminal,0,0,0,0,0,0,0,0
2020-05-06,Airport,496,4,13,513,313,9,30,352
2020-05-06,Express Rail Link West Kowloon,0,0,0,0,0,0,0,0
2020-05-06,Hung Hom,0,0,0,0,0,0,0,0
2020-05-06,Lo Wu,0,0,0,0,0,0,0,0
2020-05-06,Lok Ma Chau Spur Line,0,0,0,0,0,0,0,0
2020-05-06,Hong Kong-Zhuhai-Macao Bridge,53,4,6,63,13,2,3,18
2020-05-06,Lok Ma Chau,0,0,0,0,0,0,0,0
2020-05-06,Man Kam To,0,0,0,0,0,0,0,0
2020-05-06,Sha Tau Kok,0,0,0,0,0,0,0,0
2020-05-06,Shenzhen Bay,754,79,1,834,287,43,7,337
2020-05-06,China Ferry Terminal,0,0,0,0,0,0,0,0
2020-05-06,Harbour Control,0,0,0,0,0,0,0,0
2020-05-06,Kai Tak Cruise Terminal,0,0,0,0,0,0,0,0
2020-05-06,Macau Ferry Terminal,0,0,0,0,0,0,0,0
2020-05-06,Tuen Mun Ferry Terminal,0,0,0,0,0,0,0,0
2020-05-07,Airport,301,5,5,311,143,3,8,154
2020-05-07,Express Rail Link West Kowloon,0,0,0,0,0,0,0,0
2020-05-07,Hung Hom,0,0,0,0,0,0,0,0
2020-05-07,Lo Wu,0,0,0,0,0,0,0,0
2020-05-07,Lok Ma Chau Spur Line,0,0,0,0,0,0,0,0
2020-05-07,Hong Kong-Zhuhai-Macao Bridge,52,0,2,54,21,3,0,24
2020-05-07,Lok Ma Chau,0,0,0,0,0,0,0,0
2020-05-07,Man Kam To,0,0,0,0,0,0,0,0
2020-05-07,Sha Tau Kok,0,0,0,0,0,0,0,0
2020-05-07,Shenzhen Bay,761,103,2,866,298,69,0,367
2020-05-07,China Ferry Terminal,0,0,0,0,0,0,0,0
2020-05-07,Harbour Control,0,0,0,0,0,0,0,0
2020-05-07,Kai Tak Cruise Terminal,0,0,0,0,0,0,0,0
2020-05-07,Macau Ferry Terminal,0,0,0,0,0,0,0,0
2020-05-07,Tuen Mun Ferry Terminal,0,0,0,0,0,0,0,0
2020-05-08,Airport,1249,13,35,1297,371,9,49,429
2020-05-08,Express Rail Link West Kowloon,0,0,0,0,0,0,0,0
2020-05-08,Hung Hom,0,0,0,0,0,0,0,0
2020-05-08,Lo Wu,0,0,0,0,0,0,0,0
2020-05-08,Lok Ma Chau Spur Line,0,0,0,0,0,0,0,0
2020-05-08,Hong Kong-Zhuhai-Macao Bridge,153,7,9,169,46,1,6,53
2020-05-08,Lok Ma Chau,0,0,0,0,0,0,0,0
2020-05-08,Man Kam To,0,0,0,0,0,0,0,0
2020-05-08,Sha Tau Kok,0,0,0,0,0,0,0,0
2020-05-08,Shenzhen Bay,1045,137,4,1186,348,67,2,417
2020-05-08,China Ferry Terminal,0,0,0,0,0,0,0,0
2020-05-08,Harbour Control,0,0,0,0,0,0,0,0
2020-05-08,Kai Tak Cruise Terminal,0,0,0,0,0,0,0,0
2020-05-08,Macau Ferry Terminal,0,0,0,0,0,0,0,0
2020-05-08,Tuen Mun Ferry Terminal,0,0,0,0,0,0,0,0
2020-05-09,Airport,560,6,63,629,260,14,28,302
2020-05-09,Express Rail Link West Kowloon,0,0,0,0,0,0,0,0
2020-05-09,Hung Hom,0,0,0,0,0,0,0,0
2020-05-09,Lo Wu,0,0,0,0,0,0,0,0
2020-05-09,Lok Ma Chau Spur Line,0,0,0,0,0,0,0,0
2020-05-09,Hong Kong-Zhuhai-Macao Bridge,144,7,4,155,43,5,1,49
2020-05-09,Lok Ma Chau,0,0,0,0,0,0,0,0
2020-05-09,Man Kam To,0,0,0,0,0,0,0,0
2020-05-09,Sha Tau Kok,0,0,0,0,0,0,0,0
2020-05-09,Shenzhen Bay,1056,156,5,1217,237,38,3,278
2020-05-09,China Ferry Terminal,0,0,0,0,0,0,0,0
2020-05-09,Harbour Control,0,0,0,0,0,0,0,0
2020-05-09,Kai Tak Cruise Terminal,0,0,0,0,0,0,0,0
2020-05-09,Macau Ferry Terminal,0,0,0,0,0,0,0,0
2020-05-09,Tuen Mun Ferry Terminal,0,0,0,0,0,0,0,0
2020-05-10,Airport,923,7,41,971,254,7,42,303
2020-05-10,Express Rail Link West Kowloon,0,0,0,0,0,0,0,0
2020-05-10,Hung Hom,0,0,0,0,0,0,0,0
2020-05-10,Lo Wu,0,0,0,0,0,0,0,0
2020-05-10,Lok Ma Chau Spur Line,0,0,0,0,0,0,0,0
2020-05-10,Hong Kong-Zhuhai-Macao Bridge,126,6,5,137,33,1,3,37
2020-05-10,Lok Ma Chau,0,0,0,0,0,0,0,0
2020-05-10,Man Kam To,0,0,0,0,0,0,0,0
2020-05-10,Sha Tau Kok,0,0,0,0,0,0,0,0
2020-05-10,Shenzhen Bay,1783,201,4,1988,233,43,5,281
2020-05-10,China Ferry Terminal,0,0,0,0,0,0,0,0
2020-05-10,Harbour Control,0,0,0,0,0,0,0,0
2020-05-10,Kai Tak Cruise Terminal,0,0,0,0,0,0,0,0
2020-05-10,Macau Ferry Terminal,0,0,0,0,0,0,0,0
2020-05-10,Tuen Mun Ferry Terminal,0,0,0,0,0,0,0,0
2020-05-11,Airport,797,7,30,834,195,8,25,228
2020-05-11,Express Rail Link West Kowloon,0,0,0,0,0,0,0,0
2020-05-11,Hung Hom,0,0,0,0,0,0,0,0
2020-05-11,Lo Wu,0,0,0,0,0,0,0,0
2020-05-11,Lok Ma Chau Spur Line,0,0,0,0,0,0,0,0
2020-05-11,Hong Kong-Zhuhai-Macao Bridge,167,3,7,177,34,3,5,42
2020-05-11,Lok Ma Chau,0,0,0,0,0,0,0,0
2020-05-11,Man Kam To,0,0,0,0,0,0,0,0
2020-05-11,Sha Tau Kok,0,0,0,0,0,0,0,0
2020-05-11,Shenzhen Bay,1886,175,6,2067,454,52,2,508
2020-05-11,China Ferry Terminal,0,0,0,0,0,0,0,0
2020-05-11,Harbour Control,0,0,0,0,0,0,0,0
2020-05-11,Kai Tak Cruise Terminal,0,0,0,0,0,0,0,0
2020-05-11,Macau Ferry Terminal,0,0,0,0,0,0,0,0
2020-05-11,Tuen Mun Ferry Terminal,0,0,0,0,0,0,0,0
2020-05-12,Airport,452,5,33,490,146,7,34,187
2020-05-12,Express Rail Link West Kowloon,0,0,0,0,0,0,0,0
2020-05-12,Hung Hom,0,0,0,0,0,0,0,0
2020-05-12,Lo Wu,0,0,0,0,0,0,0,0
2020-05-12,Lok Ma Chau Spur Line,0,0,0,0,0,0,0,0
2020-05-12,Hong Kong-Zhuhai-Macao Bridge,180,6,6,192,28,0,0,28
2020-05-12,Lok Ma Chau,0,0,0,0,0,0,0,0
2020-05-12,Man Kam To,0,0,0,0,0,0,0,0
2020-05-12,Sha Tau Kok,0,0,0,0,0,0,0,0
2020-05-12,Shenzhen Bay,1906,184,6,2096,278,36,9,323
2020-05-12,China Ferry Terminal,0,0,0,0,0,0,0,0
2020-05-12,Harbour Control,0,0,0,0,0,0,0,0
2020-05-12,Kai Tak Cruise Terminal,0,0,0,0,0,0,0,0
2020-05-12,Macau Ferry Terminal,0,0,0,0,0,0,0,0
2020-05-12,Tuen Mun Ferry Terminal,0,0,0,0,0,0,0,0
2020-05-13,Airport,600,13,24,637,368,10,77,455
2020-05-13,Express Rail Link West Kowloon,0,0,0,0,0,0,0,0
2020-05-13,Hung Hom,0,0,0,0,0,0,0,0
2020-05-13,Lo Wu,0,0,0,0,0,0,0,0
2020-05-13,Lok Ma Chau Spur Line,0,0,0,0,0,0,0,0
2020-05-13,Hong Kong-Zhuhai-Macao Bridge,118,5,1,124,35,0,4,39
2020-05-13,Lok Ma Chau,0,0,0,0,0,0,0,0
2020-05-13,Man Kam To,0,0,0,0,0,0,0,0
2020-05-13,Sha Tau Kok,0,0,0,0,0,0,0,0
2020-05-13,Shenzhen Bay,1149,112,8,1269,265,66,1,332
2020-05-13,China Ferry Terminal,0,0,0,0,0,0,0,0
2020-05-13,Harbour Control,0,0,0,0,0,0,0,0
2020-05-13,Kai Tak Cruise Terminal,0,0,0,0,0,0,0,0
2020-05-13,Macau Ferry Terminal,0,0,0,0,0,0,0,0
2020-05-13,Tuen Mun Ferry Terminal,0,0,0,0,0,0,0,0
2020-05-14,Airport,597,3,32,632,187,2,41,230
2020-05-14,Express Rail Link West Kowloon,0,0,0,0,0,0,0,0
2020-05-14,Hung Hom,0,0,0,0,0,0,0,0
2020-05-14,Lo Wu,0,0,0,0,0,0,0,0
2020-05-14,Lok Ma Chau Spur Line,0,0,0,0,0,0,0,0
2020-05-14,Hong Kong-Zhuhai-Macao Bridge,119,5,11,135,41,0,5,46
2020-05-14,Lok Ma Chau,0,0,0,0,0,0,0,0
2020-05-14,Man Kam To,0,0,0,0,0,0,0,0
2020-05-14,Sha Tau Kok,0,0,0,0,0,0,0,0
2020-05-14,Shenzhen Bay,777,122,4,903,298,41,29,368
2020-05-14,China Ferry Terminal,0,0,0,0,0,0,0,0
2020-05-14,Harbour Control,0,0,0,0,0,0,0,0
2020-05-14,Kai Tak Cruise Terminal,0,0,0,0,0,0,0,0
2020-05-14,Macau Ferry Terminal,0,0,0,0,0,0,0,0
2020-05-14,Tuen Mun Ferry Terminal,0,0,0,0,0,0,0,0
2020-05-15,Airport,939,3,31,973,251,3,60,314
2020-05-15,Express Rail Link West Kowloon,0,0,0,0,0,0,0,0
2020-05-15,Hung Hom,0,0,0,0,0,0,0,0
2020-05-15,Lo Wu,0,0,0,0,0,0,0,0
2020-05-15,Lok Ma Chau Spur Line,0,0,0,0,0,0,0,0
2020-05-15,Hong Kong-Zhuhai-Macao Bridge,102,9,8,119,51,5,9,65
2020-05-15,Lok Ma Chau,0,0,0,0,0,0,0,0
2020-05-15,Man Kam To,0,0,0,0,0,0,0,0
2020-05-15,Sha Tau Kok,0,0,0,0,0,0,0,0
2020-05-15,Shenzhen Bay,885,133,5,1023,293,55,1,349
2020-05-15,China Ferry Terminal,0,0,0,0,0,0,0,0
2020-05-15,Harbour Control,0,0,0,0,0,0,0,0
2020-05-15,Kai Tak Cruise Terminal,0,0,0,0,0,0,0,0
2020-05-15,Macau Ferry Terminal,0,0,0,0,0,0,0,0
2020-05-15,Tuen Mun Ferry Terminal,0,0,0,0,0,0,0,0
2020-05-16,Airport,891,13,149,1053,337,5,77,419
2020-05-16,Express Rail Link West Kowloon,0,0,0,0,0,0,0,0
2020-05-16,Hung Hom,0,0,0,0,0,0,0,0
2020-05-16,Lo Wu,0,0,0,0,0,0,0,0
2020-05-16,Lok Ma Chau Spur Line,0,0,0,0,0,0,0,0
2020-05-16,Hong Kong-Zhuhai-Macao Bridge,80,6,7,93,46,3,3,52
2020-05-16,Lok Ma Chau,0,0,0,0,0,0,0,0
2020-05-16,Man Kam To,0,0,0,0,0,0,0,0
2020-05-16,Sha Tau Kok,0,0,0,0,0,0,0,0
2020-05-16,Shenzhen Bay,950,155,9,1114,311,45,3,359
2020-05-16,China Ferry Terminal,0,0,0,0,0,0,0,0
2020-05-16,Harbour Control,0,0,0,0,0,0,0,0
2020-05-16,Kai Tak Cruise Terminal,0,0,0,0,0,0,0,0
2020-05-16,Macau Ferry Terminal,0,0,0,0,0,0,0,0
2020-05-16,Tuen Mun Ferry Terminal,0,0,0,0,0,0,0,0
2020-05-17,Airport,873,6,55,934,221,7,61,289
2020-05-17,Express Rail Link West Kowloon,0,0,0,0,0,0,0,0
2020-05-17,Hung Hom,0,0,0,0,0,0,0,0
2020-05-17,Lo Wu,0,0,0,0,0,0,0,0
2020-05-17,Lok Ma Chau Spur Line,0,0,0,0,0,0,0,0
2020-05-17,Hong Kong-Zhuhai-Macao Bridge,110,5,3,118,30,4,1,35
2020-05-17,Lok Ma Chau,0,0,0,0,0,0,0,0
2020-05-17,Man Kam To,0,0,0,0,0,0,0,0
2020-05-17,Sha Tau Kok,0,0,0,0,0,0,0,0
2020-05-17,Shenzhen Bay,1169,182,10,1361,195,40,1,236
2020-05-17,China Ferry Terminal,0,0,0,0,0,0,0,0
2020-05-17,Harbour Control,0,0,0,0,0,0,0,0
2020-05-17,Kai Tak Cruise Terminal,0,0,0,0,0,0,0,0
2020-05-17,Macau Ferry Terminal,0,0,0,0,0,0,0,0
2020-05-17,Tuen Mun Ferry Terminal,0,0,0,0,0,0,0,0
2020-05-18,Airport,997,6,39,1042,261,9,62,332
2020-05-18,Express Rail Link West Kowloon,0,0,0,0,0,0,0,0
2020-05-18,Hung Hom,0,0,0,0,0,0,0,0
2020-05-18,Lo Wu,0,0,0,0,0,0,0,0
2020-05-18,Lok Ma Chau Spur Line,0,0,0,0,0,0,0,0
2020-05-18,Hong Kong-Zhuhai-Macao Bridge,84,6,14,104,26,0,2,28
2020-05-18,Lok Ma Chau,0,0,0,0,0,0,0,0
2020-05-18,Man Kam To,0,0,0,0,0,0,0,0
2020-05-18,Sha Tau Kok,0,0,0,0,0,0,0,0
2020-05-18,Shenzhen Bay,938,125,13,1076,348,39,2,389
2020-05-18,China Ferry Terminal,0,0,0,0,0,0,0,0
2020-05-18,Harbour Control,0,0,0,0,0,0,0,0
2020-05-18,Kai Tak Cruise Terminal,0,0,0,0,0,0,0,0
2020-05-18,Macau Ferry Terminal,0,0,0,0,0,0,0,0
2020-05-18,Tuen Mun Ferry Terminal,0,0,0,0,0,0,0,0
2020-05-19,Airport,385,0,14,399,144,2,18,164
2020-05-19,Express Rail Link West Kowloon,0,0,0,0,0,0,0,0
2020-05-19,Hung Hom,0,0,0,0,0,0,0,0
2020-05-19,Lo Wu,0,0,0,0,0,0,0,0
2020-05-19,Lok Ma Chau Spur Line,0,0,0,0,0,0,0,0
2020-05-19,Hong Kong-Zhuhai-Macao Bridge,68,5,10,83,20,1,1,22
2020-05-19,Lok Ma Chau,0,0,0,0,0,0,0,0
2020-05-19,Man Kam To,0,0,0,0,0,0,0,0
2020-05-19,Sha Tau Kok,0,0,0,0,0,0,0,0
2020-05-19,Shenzhen Bay,889,115,8,1012,454,37,5,496
2020-05-19,China Ferry Terminal,0,0,0,0,0,0,0,0
2020-05-19,Harbour Control,0,0,0,0,0,0,0,0
2020-05-19,Kai Tak Cruise Terminal,0,0,0,0,0,0,0,0
2020-05-19,Macau Ferry Terminal,0,0,0,0,0,0,0,0
2020-05-19,Tuen Mun Ferry Terminal,0,0,0,0,0,0,0,0
2020-05-20,Airport,787,5,20,812,230,8,26,264
2020-05-20,Express Rail Link West Kowloon,0,0,0,0,0,0,0,0
2020-05-20,Hung Hom,0,0,0,0,0,0,0,0
2020-05-20,Lo Wu,0,0,0,0,0,0,0,0
2020-05-20,Lok Ma Chau Spur Line,0,0,0,0,0,0,0,0
2020-05-20,Hong Kong-Zhuhai-Macao Bridge,70,9,6,85,22,3,1,26
2020-05-20,Lok Ma Chau,0,0,0,0,0,0,0,0
2020-05-20,Man Kam To,0,0,0,0,0,0,0,0
2020-05-20,Sha Tau Kok,0,0,0,0,0,0,0,0
2020-05-20,Shenzhen Bay,1019,135,13,1167,262,41,1,304
2020-05-20,China Ferry Terminal,0,0,0,0,0,0,0,0
2020-05-20,Harbour Control,0,0,0,0,0,0,0,0
2020-05-20,Kai Tak Cruise Terminal,0,0,0,0,0,0,0,0
2020-05-20,Macau Ferry Terminal,0,0,0,0,0,0,0,0
2020-05-20,Tuen Mun Ferry Terminal,0,0,0,0,0,0,0,0
2020-05-21,Airport,474,8,30,512,147,8,32,187
2020-05-21,Express Rail Link West Kowloon,0,0,0,0,0,0,0,0
2020-05-21,Hung Hom,0,0,0,0,0,0,0,0
2020-05-21,Lo Wu,0,0,0,0,0,0,0,0
2020-05-21,Lok Ma Chau Spur Line,0,0,0,0,0,0,0,0
2020-05-21,Hong Kong-Zhuhai-Macao Bridge,106,4,5,115,23,1,2,26
2020-05-21,Lok Ma Chau,0,0,0,0,0,0,0,0
2020-05-21,Man Kam To,0,0,0,0,0,0,0,0
2020-05-21,Sha Tau Kok,0,0,0,0,0,0,0,0
2020-05-21,Shenzhen Bay,1121,127,9,1257,256,79,1,336
2020-05-21,China Ferry Terminal,0,0,0,0,0,0,0,0
2020-05-21,Harbour Control,0,0,0,0,0,0,0,0
2020-05-21,Kai Tak Cruise Terminal,0,0,0,0,0,0,0,0
2020-05-21,Macau Ferry Terminal,0,0,0,0,0,0,0,0
2020-05-21,Tuen Mun Ferry Terminal,0,0,0,0,0,0,0,0
2020-05-22,Airport,1089,7,31,1127,336,4,55,395
2020-05-22,Express Rail Link West Kowloon,0,0,0,0,0,0,0,0
2020-05-22,Hung Hom,0,0,0,0,0,0,0,0
2020-05-22,Lo Wu,0,0,0,0,0,0,0,0
2020-05-22,Lok Ma Chau Spur Line,0,0,0,0,0,0,0,0
2020-05-22,Hong Kong-Zhuhai-Macao Bridge,69,4,4,77,31,1,1,33
2020-05-22,Lok Ma Chau,0,0,0,0,0,0,0,0
2020-05-22,Man Kam To,0,0,0,0,0,0,0,0
2020-05-22,Sha Tau Kok,0,0,0,0,0,0,0,0
2020-05-22,Shenzhen Bay,1121,154,17,1292,300,70,1,371
2020-05-22,China Ferry Terminal,0,0,0,0,0,0,0,0
2020-05-22,Harbour Control,0,0,0,0,0,0,0,0
2020-05-22,Kai Tak Cruise Terminal,0,0,0,0,0,0,0,0
2020-05-22,Macau Ferry Terminal,0,0,0,0,0,0,0,0
2020-05-22,Tuen Mun Ferry Terminal,0,0,0,0,0,0,0,0
2020-05-23,Airport,534,5,102,641,202,12,35,249
2020-05-23,Express Rail Link West Kowloon,0,0,0,0,0,0,0,0
2020-05-23,Hung Hom,0,0,0,0,0,0,0,0
2020-05-23,Lo Wu,0,0,0,0,0,0,0,0
2020-05-23,Lok Ma Chau Spur Line,0,0,0,0,0,0,0,0
2020-05-23,Hong Kong-Zhuhai-Macao Bridge,118,12,3,133,10,1,6,17
2020-05-23,Lok Ma Chau,0,0,0,0,0,0,0,0
2020-05-23,Man Kam To,0,0,0,0,0,0,0,0
2020-05-23,Sha Tau Kok,0,0,0,0,0,0,0,0
2020-05-23,Shenzhen Bay,1802,270,11,2083,210,39,11,260
2020-05-23,China Ferry Terminal,0,0,0,0,0,0,0,0
2020-05-23,Harbour Control,0,0,0,0,0,0,0,0
2020-05-23,Kai Tak Cruise Terminal,0,0,0,0,0,0,0,0
2020-05-23,Macau Ferry Terminal,0,0,0,0,0,0,0,0
2020-05-23,Tuen Mun Ferry Terminal,0,0,0,0,0,0,0,0
2020-05-24,Airport,1048,10,38,1096,237,9,40,286
2020-05-24,Express Rail Link West Kowloon,0,0,0,0,0,0,0,0
2020-05-24,Hung Hom,0,0,0,0,0,0,0,0
2020-05-24,Lo Wu,0,0,0,0,0,0,0,0
2020-05-24,Lok Ma Chau Spur Line,0,0,0,0,0,0,0,0
2020-05-24,Hong Kong-Zhuhai-Macao Bridge,123,15,2,140,27,0,2,29
2020-05-24,Lok Ma Chau,0,0,0,0,0,0,0,0
2020-05-24,Man Kam To,0,0,0,0,0,0,0,0
2020-05-24,Sha Tau Kok,0,0,0,0,0,0,0,0
2020-05-24,Shenzhen Bay,2458,439,14,2911,210,35,3,248
2020-05-24,China Ferry Terminal,0,0,0,0,0,0,0,0
2020-05-24,Harbour Control,0,0,0,0,0,0,0,0
2020-05-24,Kai Tak Cruise Terminal,0,0,0,0,0,0,0,0
2020-05-24,Macau Ferry Terminal,0,0,0,0,0,0,0,0
2020-05-24,Tuen Mun Ferry Terminal,0,0,0,0,0,0,0,0
2020-05-25,Airport,673,6,46,725,156,4,23,183
2020-05-25,Express Rail Link West Kowloon,0,0,0,0,0,0,0,0
2020-05-25,Hung Hom,0,0,0,0,0,0,0,0
2020-05-25,Lo Wu,0,0,0,0,0,0,0,0
2020-05-25,Lok Ma Chau Spur Line,0,0,0,0,0,0,0,0
2020-05-25,Hong Kong-Zhuhai-Macao Bridge,99,8,8,115,48,0,3,51
2020-05-25,Lok Ma Chau,0,0,0,0,0,0,0,0
2020-05-25,Man Kam To,0,0,0,0,0,0,0,0
2020-05-25,Sha Tau Kok,0,0,0,0,0,0,0,0
2020-05-25,Shenzhen Bay,1469,255,6,1730,376,18,6,400
2020-05-25,China Ferry Terminal,0,0,0,0,0,0,0,0
2020-05-25,Harbour Control,0,0,0,0,0,0,0,0
2020-05-25,Kai Tak Cruise Terminal,0,0,0,0,0,0,0,0
2020-05-25,Macau Ferry Terminal,0,0,0,0,0,0,0,0
2020-05-25,Tuen Mun Ferry Terminal,0,0,0,0,0,0,0,0
2020-05-26,Airport,543,2,37,582,252,3,53,308
2020-05-26,Express Rail Link West Kowloon,0,0,0,0,0,0,0,0
2020-05-26,Hung Hom,0,0,0,0,0,0,0,0
2020-05-26,Lo Wu,0,0,0,0,0,0,0,0
2020-05-26,Lok Ma Chau Spur Line,0,0,0,0,0,0,0,0
2020-05-26,Hong Kong-Zhuhai-Macao Bridge,60,11,8,79,23,0,2,25
2020-05-26,Lok Ma Chau,0,0,0,0,0,0,0,0
2020-05-26,Man Kam To,0,0,0,0,0,0,0,0
2020-05-26,Sha Tau Kok,0,0,0,0,0,0,0,0
2020-05-26,Shenzhen Bay,790,142,12,944,213,31,2,246
2020-05-26,China Ferry Terminal,0,0,0,0,0,0,0,0
2020-05-26,Harbour Control,0,0,0,0,0,0,0,0
2020-05-26,Kai Tak Cruise Terminal,0,0,0,0,0,0,0,0
2020-05-26,Macau Ferry Terminal,0,0,0,0,0,0,0,0
2020-05-26,Tuen Mun Ferry Terminal,0,0,0,0,0,0,0,0
2020-05-27,Airport,485,4,21,510,331,9,149,489
2020-05-27,Express Rail Link West Kowloon,0,0,0,0,0,0,0,0
2020-05-27,Hung Hom,0,0,0,0,0,0,0,0
2020-05-27,Lo Wu,0,0,0,0,0,0,0,0
2020-05-27,Lok Ma Chau Spur Line,0,0,0,0,0,0,0,0
2020-05-27,Hong Kong-Zhuhai-Macao Bridge,51,9,5,65,17,0,0,17
2020-05-27,Lok Ma Chau,0,0,0,0,0,0,0,0
2020-05-27,Man Kam To,0,0,0,0,0,0,0,0
2020-05-27,Sha Tau Kok,0,0,0,0,0,0,0,0
2020-05-27,Shenzhen Bay,694,107,4,805,247,34,0,281
2020-05-27,China Ferry Terminal,0,0,0,0,0,0,0,0
2020-05-27,Harbour Control,0,0,0,0,0,0,0,0
2020-05-27,Kai Tak Cruise Terminal,0,0,0,0,0,0,0,0
2020-05-27,Macau Ferry Terminal,0,0,0,0,0,0,0,0
2020-05-27,Tuen Mun Ferry Terminal,0,0,0,0,0,0,0,0
2020-05-28,Airport,661,2,29,692,195,7,71,273
2020-05-28,Express Rail Link West Kowloon,0,0,0,0,0,0,0,0
2020-05-28,Hung Hom,0,0,0,0,0,0,0,0
2020-05-28,Lo Wu,0,0,0,0,0,0,0,0
2020-05-28,Lok Ma Chau Spur Line,0,0,0,0,0,0,0,0
2020-05-28,Hong Kong-Zhuhai-Macao Bridge,39,0,41,80,17,0,0,17
2020-05-28,Lok Ma Chau,0,0,0,0,0,0,0,0
2020-05-28,Man Kam To,0,0,0,0,0,0,0,0
2020-05-28,Sha Tau Kok,0,0,0,0,0,0,0,0
2020-05-28,Shenzhen Bay,676,114,10,800,216,27,2,245
2020-05-28,China Ferry Terminal,0,0,0,0,0,0,0,0
2020-05-28,Harbour Control,0,0,0,0,0,0,0,0
2020-05-28,Kai Tak Cruise Terminal,0,0,0,0,0,0,0,0
2020-05-28,Macau Ferry Terminal,0,0,0,0,0,0,0,0
2020-05-28,Tuen Mun Ferry Terminal,0,0,0,0,0,0,0,0
2020-05-29,Airport,923,4,22,949,264,2,65,331
2020-05-29,Express Rail Link West Kowloon,0,0,0,0,0,0,0,0
2020-05-29,Hung Hom,0,0,0,0,0,0,0,0
2020-05-29,Lo Wu,0,0,0,0,0,0,0,0
2020-05-29,Lok Ma Chau Spur Line,0,0,0,0,0,0,0,0
2020-05-29,Hong Kong-Zhuhai-Macao Bridge,71,4,15,90,13,0,3,16
2020-05-29,Lok Ma Chau,0,0,0,0,0,0,0,0
2020-05-29,Man Kam To,0,0,0,0,0,0,0,0
2020-05-29,Sha Tau Kok,0,0,0,0,0,0,0,0
2020-05-29,Shenzhen Bay,695,106,8,809,209,24,53,286
2020-05-29,China Ferry Terminal,0,0,0,0,0,0,0,0
2020-05-29,Harbour Control,0,0,0,0,0,0,0,0
2020-05-29,Kai Tak Cruise Terminal,0,0,0,0,0,0,0,0
2020-05-29,Macau Ferry Terminal,0,0,0,0,0,0,0,0
2020-05-29,Tuen Mun Ferry Terminal,0,0,0,0,0,0,0,0
2020-05-30,Airport,599,7,35,641,414,7,48,469
2020-05-30,Express Rail Link West Kowloon,0,0,0,0,0,0,0,0
2020-05-30,Hung Hom,0,0,0,0,0,0,0,0
2020-05-30,Lo Wu,0,0,0,0,0,0,0,0
2020-05-30,Lok Ma Chau Spur Line,0,0,0,0,0,0,0,0
2020-05-30,Hong Kong-Zhuhai-Macao Bridge,57,5,2,64,16,1,1,18
2020-05-30,Lok Ma Chau,0,0,0,0,0,0,0,0
2020-05-30,Man Kam To,0,0,0,0,0,0,0,0
2020-05-30,Sha Tau Kok,0,0,0,0,0,0,0,0
2020-05-30,Shenzhen Bay,985,149,12,1146,133,37,45,215
2020-05-30,China Ferry Terminal,0,0,0,0,0,0,0,0
2020-05-30,Harbour Control,0,0,0,0,0,0,0,0
2020-05-30,Kai Tak Cruise Terminal,0,0,0,0,0,0,0,0
2020-05-30,Macau Ferry Terminal,0,0,0,0,0,0,0,0
2020-05-30,Tuen Mun Ferry Terminal,0,0,0,0,0,0,0,0
2020-05-31,Airport,839,8,41,888,191,4,38,233
2020-05-31,Express Rail Link West Kowloon,0,0,0,0,0,0,0,0
2020-05-31,Hung Hom,0,0,0,0,0,0,0,0
2020-05-31,Lo Wu,0,0,0,0,0,0,0,0
2020-05-31,Lok Ma Chau Spur Line,0,0,0,0,0,0,0,0
2020-05-31,Hong Kong-Zhuhai-Macao Bridge,83,11,6,100,17,0,0,17
2020-05-31,Lok Ma Chau,0,0,0,0,0,0,0,0
2020-05-31,Man Kam To,0,0,0,0,0,0,0,0
2020-05-31,Sha Tau Kok,0,0,0,0,0,0,0,0
2020-05-31,Shenzhen Bay,1304,278,11,1593,156,21,17,194
2020-05-31,China Ferry Terminal,0,0,0,0,0,0,0,0
2020-05-31,Harbour Control,0,0,0,0,0,0,0,0
2020-05-31,Kai Tak Cruise Terminal,0,0,0,0,0,0,0,0
2020-05-31,Macau Ferry Terminal,0,0,0,0,0,0,0,0
2020-05-31,Tuen Mun Ferry Terminal,0,0,0,0,0,0,0,0
2020-06-01,Airport,760,9,61,830,253,1,40,294
2020-06-01,Express Rail Link West Kowloon,0,0,0,0,0,0,0,0
2020-06-01,Hung Hom,0,0,0,0,0,0,0,0
2020-06-01,Lo Wu,0,0,0,0,0,0,0,0
2020-06-01,Lok Ma Chau Spur Line,0,0,0,0,0,0,0,0
2020-06-01,Hong Kong-Zhuhai-Macao Bridge,86,10,4,100,40,3,3,46
2020-06-01,Lok Ma Chau,0,0,0,0,0,0,0,0
2020-06-01,Man Kam To,0,0,0,0,0,0,0,0
2020-06-01,Sha Tau Kok,0,0,0,0,0,0,0,0
2020-06-01,Shenzhen Bay,984,166,15,1165,357,25,9,391
2020-06-01,China Ferry Terminal,0,0,0,0,0,0,0,0
2020-06-01,Harbour Control,0,0,0,0,0,0,0,0
2020-06-01,Kai Tak Cruise Terminal,0,0,0,0,0,0,0,0
2020-06-01,Macau Ferry Terminal,0,0,0,0,0,0,0,0
2020-06-01,Tuen Mun Ferry Terminal,0,0,0,0,0,0,0,0
2020-06-02,Airport,1150,4,52,1206,367,2,110,479
2020-06-02,Express Rail Link West Kowloon,0,0,0,0,0,0,0,0
2020-06-02,Hung Hom,0,0,0,0,0,0,0,0
2020-06-02,Lo Wu,0,0,0,0,0,0,0,0
2020-06-02,Lok Ma Chau Spur Line,0,0,0,0,0,0,0,0
2020-06-02,Hong Kong-Zhuhai-Macao Bridge,70,4,4,78,32,1,3,36
2020-06-02,Lok Ma Chau,0,0,0,0,0,0,0,0
2020-06-02,Man Kam To,0,0,0,0,0,0,0,0
2020-06-02,Sha Tau Kok,0,0,0,0,0,0,0,0
2020-06-02,Shenzhen Bay,576,108,17,701,267,30,4,301
2020-06-02,China Ferry Terminal,0,0,0,0,0,0,0,0
2020-06-02,Harbour Control,0,0,0,0,0,0,0,0
2020-06-02,Kai Tak Cruise Terminal,0,0,0,0,0,0,0,0
2020-06-02,Macau Ferry Terminal,0,0,0,0,0,0,0,0
2020-06-02,Tuen Mun Ferry Terminal,0,0,0,0,0,0,0,0
2020-06-03,Airport,918,5,40,963,404,12,120,536
2020-06-03,Express Rail Link West Kowloon,0,0,0,0,0,0,0,0
2020-06-03,Hung Hom,0,0,0,0,0,0,0,0
2020-06-03,Lo Wu,0,0,0,0,0,0,0,0
2020-06-03,Lok Ma Chau Spur Line,0,0,0,0,0,0,0,0
2020-06-03,Hong Kong-Zhuhai-Macao Bridge,97,6,4,107,64,0,2,66
2020-06-03,Lok Ma Chau,0,0,0,0,0,0,0,0
2020-06-03,Man Kam To,0,0,0,0,0,0,0,0
2020-06-03,Sha Tau Kok,0,0,0,0,0,0,0,0
2020-06-03,Shenzhen Bay,1147,196,6,1349,609,88,2,699
2020-06-03,China Ferry Terminal,0,0,0,0,0,0,0,0
2020-06-03,Harbour Control,0,0,0,0,0,0,0,0
2020-06-03,Kai Tak Cruise Terminal,0,0,0,0,0,0,0,0
2020-06-03,Macau Ferry Terminal,0,0,0,0,0,0,0,0
2020-06-03,Tuen Mun Ferry Terminal,0,0,0,0,0,0,0,0
2020-06-04,Airport,952,6,36,994,440,5,80,525
2020-06-04,Express Rail Link West Kowloon,0,0,0,0,0,0,0,0
2020-06-04,Hung Hom,0,0,0,0,0,0,0,0
2020-06-04,Lo Wu,0,0,0,0,0,0,0,0
2020-06-04,Lok Ma Chau Spur Line,0,0,0,0,0,0,0,0
2020-06-04,Hong Kong-Zhuhai-Macao Bridge,78,11,10,99,74,3,8,85
2020-06-04,Lok Ma Chau,0,0,0,0,0,0,0,0
2020-06-04,Man Kam To,0,0,0,0,0,0,0,0
2020-06-04,Sha Tau Kok,0,0,0,0,0,0,0,0
2020-06-04,Shenzhen Bay,1365,205,9,1579,820,111,8,939
2020-06-04,China Ferry Terminal,0,0,0,0,0,0,0,0
2020-06-04,Harbour Control,0,0,0,0,0,0,0,0
2020-06-04,Kai Tak Cruise Terminal,0,0,0,0,0,0,0,0
2020-06-04,Macau Ferry Terminal,0,0,0,0,0,0,0,0
2020-06-04,Tuen Mun Ferry Terminal,0,0,0,0,0,0,0,0
2020-06-05,Airport,1073,4,42,1119,633,10,78,721
2020-06-05,Express Rail Link West Kowloon,0,0,0,0,0,0,0,0
2020-06-05,Hung Hom,0,0,0,0,0,0,0,0
2020-06-05,Lo Wu,0,0,0,0,0,0,0,0
2020-06-05,Lok Ma Chau Spur Line,0,0,0,0,0,0,0,0
2020-06-05,Hong Kong-Zhuhai-Macao Bridge,124,7,9,140,65,9,3,77
2020-06-05,Lok Ma Chau,0,0,0,0,0,0,0,0
2020-06-05,Man Kam To,0,0,0,0,0,0,0,0
2020-06-05,Sha Tau Kok,0,0,0,0,0,0,0,0
2020-06-05,Shenzhen Bay,1378,223,13,1614,829,120,14,963
2020-06-05,China Ferry Terminal,0,0,0,0,0,0,0,0
2020-06-05,Harbour Control,0,0,0,0,0,0,0,0
2020-06-05,Kai Tak Cruise Terminal,0,0,0,0,0,0,0,0
2020-06-05,Macau Ferry Terminal,0,0,0,0,0,0,0,0
2020-06-05,Tuen Mun Ferry Terminal,0,0,0,0,0,0,0,0
2020-06-06,Airport,527,7,46,580,390,22,186,598
2020-06-06,Express Rail Link West Kowloon,0,0,0,0,0,0,0,0
2020-06-06,Hung Hom,0,0,0,0,0,0,0,0
2020-06-06,Lo Wu,0,0,0,0,0,0,0,0
2020-06-06,Lok Ma Chau Spur Line,0,0,0,0,0,0,0,0
2020-06-06,Hong Kong-Zhuhai-Macao Bridge,115,14,4,133,56,4,8,68
2020-06-06,Lok Ma Chau,0,0,0,0,0,0,0,0
2020-06-06,Man Kam To,0,0,0,0,0,0,0,0
2020-06-06,Sha Tau Kok,0,0,0,0,0,0,0,0
2020-06-06,Shenzhen Bay,1368,262,14,1644,718,103,40,861
2020-06-06,China Ferry Terminal,0,0,0,0,0,0,0,0
2020-06-06,Harbour Control,0,0,0,0,0,0,0,0
2020-06-06,Kai Tak Cruise Terminal,0,0,0,0,0,0,0,0
2020-06-06,Macau Ferry Terminal,0,0,0,0,0,0,0,0
2020-06-06,Tuen Mun Ferry Terminal,0,0,0,0,0,0,0,0
2020-06-07,Airport,1083,3,44,1130,520,9,120,649
2020-06-07,Express Rail Link West Kowloon,0,0,0,0,0,0,0,0
2020-06-07,Hung Hom,0,0,0,0,0,0,0,0
2020-06-07,Lo Wu,0,0,0,0,0,0,0,0
2020-06-07,Lok Ma Chau Spur Line,0,0,0,0,0,0,0,0
2020-06-07,Hong Kong-Zhuhai-Macao Bridge,122,7,11,140,56,3,4,63
2020-06-07,Lok Ma Chau,0,0,0,0,0,0,0,0
2020-06-07,Man Kam To,0,0,0,0,0,0,0,0
2020-06-07,Sha Tau Kok,0,0,0,0,0,0,0,0
2020-06-07,Shenzhen Bay,2123,366,16,2505,670,133,3,806
2020-06-07,China Ferry Terminal,0,0,0,0,0,0,0,0
2020-06-07,Harbour Control,0,0,0,0,0,0,0,0
2020-06-07,Kai Tak Cruise Terminal,0,0,0,0,0,0,0,0
2020-06-07,Macau Ferry Terminal,0,0,0,0,0,0,0,0
2020-06-07,Tuen Mun Ferry Terminal,0,0,0,0,0,0,0,0
2020-06-08,Airport,786,14,102,902,235,17,44,296
2020-06-08,Express Rail Link West Kowloon,0,0,0,0,0,0,0,0
2020-06-08,Hung Hom,0,0,0,0,0,0,0,0
2020-06-08,Lo Wu,0,0,0,0,0,0,0,0
2020-06-08,Lok Ma Chau Spur Line,0,0,0,0,0,0,0,0
2020-06-08,Hong Kong-Zhuhai-Macao Bridge,152,11,10,173,113,11,3,127
2020-06-08,Lok Ma Chau,0,0,0,0,0,0,0,0
2020-06-08,Man Kam To,0,0,0,0,0,0,0,0
2020-06-08,Sha Tau Kok,0,0,0,0,0,0,0,0
2020-06-08,Shenzhen Bay,2081,287,22,2390,942,107,13,1062
2020-06-08,China Ferry Terminal,0,0,0,0,0,0,0,0
2020-06-08,Harbour Control,0,0,0,0,0,0,0,0
2020-06-08,Kai Tak Cruise Terminal,0,0,0,0,0,0,0,0
2020-06-08,Macau Ferry Terminal,0,0,0,0,0,0,0,0
2020-06-08,Tuen Mun Ferry Terminal,0,0,0,0,0,0,0,0
2020-06-09,Airport,559,12,30,601,374,22,44,440
2020-06-09,Express Rail Link West Kowloon,0,0,0,0,0,0,0,0
2020-06-09,Hung Hom,0,0,0,0,0,0,0,0
2020-06-09,Lo Wu,0,0,0,0,0,0,0,0
2020-06-09,Lok Ma Chau Spur Line,0,0,0,0,0,0,0,0
2020-06-09,Hong Kong-Zhuhai-Macao Bridge,99,6,8,113,64,7,4,75
2020-06-09,Lok Ma Chau,0,0,0,0,0,0,0,0
2020-06-09,Man Kam To,0,0,0,0,0,0,0,0
2020-06-09,Sha Tau Kok,0,0,0,0,0,0,0,0
2020-06-09,Shenzhen Bay,1481,237,19,1737,764,133,5,902
2020-06-09,China Ferry Terminal,0,0,0,0,0,0,0,0
2020-06-09,Harbour Control,0,0,0,0,0,0,0,0
2020-06-09,Kai Tak Cruise Terminal,0,0,0,0,0,0,0,0
2020-06-09,Macau Ferry Terminal,0,0,0,0,0,0,0,0
2020-06-09,Tuen Mun Ferry Terminal,0,0,0,0,0,0,0,0
2020-06-10,Airport,570,3,15,588,330,15,199,544
2020-06-10,Express Rail Link West Kowloon,0,0,0,0,0,0,0,0
2020-06-10,Hung Hom,0,0,0,0,0,0,0,0
2020-06-10,Lo Wu,0,0,0,0,0,0,0,0
2020-06-10,Lok Ma Chau Spur Line,0,0,0,0,0,0,0,0
2020-06-10,Hong Kong-Zhuhai-Macao Bridge,114,12,13,139,61,3,1,65
2020-06-10,Lok Ma Chau,0,0,0,0,0,0,0,0
2020-06-10,Man Kam To,0,0,0,0,0,0,0,0
2020-06-10,Sha Tau Kok,0,0,0,0,0,0,0,0
2020-06-10,Shenzhen Bay,1520,251,18,1789,714,106,4,824
2020-06-10,China Ferry Terminal,0,0,0,0,0,0,0,0
2020-06-10,Harbour Control,0,0,0,0,0,0,0,0
2020-06-10,Kai Tak Cruise Terminal,0,0,0,0,0,0,0,0
2020-06-10,Macau Ferry Terminal,0,0,0,0,0,0,0,0
2020-06-10,Tuen Mun Ferry Terminal,0,0,0,0,0,0,0,0
2020-06-11,Airport,626,4,19,649,341,10,36,387
2020-06-11,Express Rail Link West Kowloon,0,0,0,0,0,0,0,0
2020-06-11,Hung Hom,0,0,0,0,0,0,0,0
2020-06-11,Lo Wu,0,0,0,0,0,0,0,0
2020-06-11,Lok Ma Chau Spur Line,0,0,0,0,0,0,0,0
2020-06-11,Hong Kong-Zhuhai-Macao Bridge,83,7,5,95,61,3,3,67
2020-06-11,Lok Ma Chau,0,0,0,0,0,0,0,0
2020-06-11,Man Kam To,0,0,0,0,0,0,0,0
2020-06-11,Sha Tau Kok,0,0,0,0,0,0,0,0
2020-06-11,Shenzhen Bay,1018,175,8,1201,483,61,8,552
2020-06-11,China Ferry Terminal,0,0,0,0,0,0,0,0
2020-06-11,Harbour Control,0,0,0,0,0,0,0,0
2020-06-11,Kai Tak Cruise Terminal,0,0,0,0,0,0,0,0
2020-06-11,Macau Ferry Terminal,0,0,0,0,0,0,0,0
2020-06-11,Tuen Mun Ferry Terminal,0,0,0,0,0,0,0,0
2020-06-12,Airport,1082,7,72,1161,482,5,92,579
2020-06-12,Express Rail Link West Kowloon,0,0,0,0,0,0,0,0
2020-06-12,Hung Hom,0,0,0,0,0,0,0,0
2020-06-12,Lo Wu,0,0,0,0,0,0,0,0
2020-06-12,Lok Ma Chau Spur Line,0,0,0,0,0,0,0,0
2020-06-12,Hong Kong-Zhuhai-Macao Bridge,68,9,31,108,48,2,4,54
2020-06-12,Lok Ma Chau,0,0,0,0,0,0,0,0
2020-06-12,Man Kam To,0,0,0,0,0,0,0,0
2020-06-12,Sha Tau Kok,0,0,0,0,0,0,0,0
2020-06-12,Shenzhen Bay,924,166,19,1109,451,63,6,520
2020-06-12,China Ferry Terminal,0,0,0,0,0,0,0,0
2020-06-12,Harbour Control,0,0,0,0,0,0,0,0
2020-06-12,Kai Tak Cruise Terminal,0,0,0,0,0,0,0,0
2020-06-12,Macau Ferry Terminal,0,0,0,0,0,0,0,0
2020-06-12,Tuen Mun Ferry Terminal,0,0,0,0,0,0,0,0
2020-06-13,Airport,732,4,54,790,331,14,62,407
2020-06-13,Express Rail Link West Kowloon,0,0,0,0,0,0,0,0
2020-06-13,Hung Hom,0,0,0,0,0,0,0,0
2020-06-13,Lo Wu,0,0,0,0,0,0,0,0
2020-06-13,Lok Ma Chau Spur Line,0,0,0,0,0,0,0,0
2020-06-13,Hong Kong-Zhuhai-Macao Bridge,87,7,4,98,50,3,4,57
2020-06-13,Lok Ma Chau,0,0,0,0,0,0,0,0
2020-06-13,Man Kam To,0,0,0,0,0,0,0,0
2020-06-13,Sha Tau Kok,0,0,0,0,0,0,0,0
2020-06-13,Shenzhen Bay,863,225,19,1107,398,65,7,470
2020-06-13,China Ferry Terminal,0,0,0,0,0,0,0,0
2020-06-13,Harbour Control,0,0,0,0,0,0,0,0
2020-06-13,Kai Tak Cruise Terminal,0,0,0,0,0,0,0,0
2020-06-13,Macau Ferry Terminal,0,0,0,0,0,0,0,0
2020-06-13,Tuen Mun Ferry Terminal,0,0,0,0,0,0,0,0
2020-06-14,Airport,970,3,50,1023,550,16,80,646
2020-06-14,Express Rail Link West Kowloon,0,0,0,0,0,0,0,0
2020-06-14,Hung Hom,0,0,0,0,0,0,0,0
2020-06-14,Lo Wu,0,0,0,0,0,0,0,0
2020-06-14,Lok Ma Chau Spur Line,0,0,0,0,0,0,0,0
2020-06-14,Hong Kong-Zhuhai-Macao Bridge,30,4,3,37,28,3,6,37
2020-06-14,Lok Ma Chau,0,0,0,0,0,0,0,0
2020-06-14,Man Kam To,0,0,0,0,0,0,0,0
2020-06-14,Sha Tau Kok,0,0,0,0,0,0,0,0
2020-06-14,Shenzhen Bay,651,149,14,814,298,79,6,383
2020-06-14,China Ferry Terminal,0,0,0,0,0,0,0,0
2020-06-14,Harbour Control,0,0,0,0,0,0,0,0
2020-06-14,Kai Tak Cruise Terminal,0,0,0,0,0,0,0,0
2020-06-14,Macau Ferry Terminal,0,0,0,0,0,0,0,0
2020-06-14,Tuen Mun Ferry Terminal,0,0,0,0,0,0,0,0
2020-06-15,Airport,877,7,75,959,280,12,58,350
2020-06-15,Express Rail Link West Kowloon,0,0,0,0,0,0,0,0
2020-06-15,Hung Hom,0,0,0,0,0,0,0,0
2020-06-15,Lo Wu,0,0,0,0,0,0,0,0
2020-06-15,Lok Ma Chau Spur Line,1297,0,0,1297,1297,0,0,1297
2020-06-15,Hong Kong-Zhuhai-Macao Bridge,51,3,3,57,63,1,5,69
2020-06-15,Lok Ma Chau,0,0,0,0,0,0,0,0
2020-06-15,Man Kam To,0,0,0,0,0,0,0,0
2020-06-15,Sha Tau Kok,0,0,0,0,0,0,0,0
2020-06-15,Shenzhen Bay,1259,160,18,1437,858,74,23,955
2020-06-15,China Ferry Terminal,0,0,0,0,0,0,0,0
2020-06-15,Harbour Control,0,0,0,0,0,0,0,0
2020-06-15,Kai Tak Cruise Terminal,0,0,0,0,0,0,0,0
2020-06-15,Macau Ferry Terminal,0,0,0,0,0,0,0,0
2020-06-15,Tuen Mun Ferry Terminal,0,0,0,0,0,0,0,0
2020-06-16,Airport,928,4,42,974,477,19,51,547
2020-06-16,Express Rail Link West Kowloon,0,0,0,0,0,0,0,0
2020-06-16,Hung Hom,0,0,0,0,0,0,0,0
2020-06-16,Lo Wu,0,0,0,0,0,0,0,0
2020-06-16,Lok Ma Chau Spur Line,1249,0,0,1249,1249,0,0,1249
2020-06-16,Hong Kong-Zhuhai-Macao Bridge,55,1,9,65,82,4,11,97
2020-06-16,Lok Ma Chau,0,0,0,0,0,0,0,0
2020-06-16,Man Kam To,0,0,0,0,0,0,0,0
2020-06-16,Sha Tau Kok,0,0,0,0,0,0,0,0
2020-06-16,Shenzhen Bay,1127,159,15,1301,796,77,3,876
2020-06-16,China Ferry Terminal,0,0,0,0,0,0,0,0
2020-06-16,Harbour Control,0,0,0,0,0,0,0,0
2020-06-16,Kai Tak Cruise Terminal,0,0,0,0,0,0,0,0
2020-06-16,Macau Ferry Terminal,0,0,0,0,0,0,0,0
2020-06-16,Tuen Mun Ferry Terminal,0,0,0,0,0,0,0,0
2020-06-17,Airport,846,11,40,897,243,8,35,286
2020-06-17,Express Rail Link West Kowloon,0,0,0,0,0,0,0,0
2020-06-17,Hung Hom,0,0,0,0,0,0,0,0
2020-06-17,Lo Wu,0,0,0,0,0,0,0,0
2020-06-17,Lok Ma Chau Spur Line,1272,0,0,1272,1272,0,0,1272
2020-06-17,Hong Kong-Zhuhai-Macao Bridge,71,0,12,83,75,6,1,82
2020-06-17,Lok Ma Chau,0,0,0,0,0,0,0,0
2020-06-17,Man Kam To,0,0,0,0,0,0,0,0
2020-06-17,Sha Tau Kok,0,0,0,0,0,0,0,0
2020-06-17,Shenzhen Bay,1074,137,17,1228,796,112,2,910
2020-06-17,China Ferry Terminal,0,0,0,0,0,0,0,0
2020-06-17,Harbour Control,0,0,0,0,0,0,0,0
2020-06-17,Kai Tak Cruise Terminal,0,0,0,0,0,0,0,0
2020-06-17,Macau Ferry Terminal,0,0,0,0,0,0,0,0
2020-06-17,Tuen Mun Ferry Terminal,0,0,0,0,0,0,0,0
2020-06-18,Airport,708,0,34,742,438,6,95,539
2020-06-18,Express Rail Link West Kowloon,0,0,0,0,0,0,0,0
2020-06-18,Hung Hom,0,0,0,0,0,0,0,0
2020-06-18,Lo Wu,0,0,0,0,0,0,0,0
2020-06-18,Lok Ma Chau Spur Line,1271,0,0,1271,1271,0,0,1271
2020-06-18,Hong Kong-Zhuhai-Macao Bridge,56,3,4,63,60,8,3,71
2020-06-18,Lok Ma Chau,0,0,0,0,0,0,0,0
2020-06-18,Man Kam To,0,0,0,0,0,0,0,0
2020-06-18,Sha Tau Kok,0,0,0,0,0,0,0,0
2020-06-18,Shenzhen Bay,1026,143,19,1188,845,92,1,938
2020-06-18,China Ferry Terminal,0,0,0,0,0,0,0,0
2020-06-18,Harbour Control,0,0,0,0,0,0,0,0
2020-06-18,Kai Tak Cruise Terminal,0,0,0,0,0,0,0,0
2020-06-18,Macau Ferry Terminal,0,0,0,0,0,0,0,0
2020-06-18,Tuen Mun Ferry Terminal,0,0,0,0,0,0,0,0
2020-06-19,Airport,1022,2,86,1110,641,5,180,826
2020-06-19,Express Rail Link West Kowloon,0,0,0,0,0,0,0,0
2020-06-19,Hung Hom,0,0,0,0,0,0,0,0
2020-06-19,Lo Wu,0,0,0,0,0,0,0,0
2020-06-19,Lok Ma Chau Spur Line,1147,0,0,1147,1146,0,0,1146
2020-06-19,Hong Kong-Zhuhai-Macao Bridge,59,8,3,70,71,1,8,80
2020-06-19,Lok Ma Chau,0,0,0,0,0,0,0,0
2020-06-19,Man Kam To,0,0,0,0,0,0,0,0
2020-06-19,Sha Tau Kok,0,0,0,0,0,0,0,0
2020-06-19,Shenzhen Bay,1000,110,10,1120,741,75,13,829
2020-06-19,China Ferry Terminal,0,0,0,0,0,0,0,0
2020-06-19,Harbour Control,0,0,0,0,0,0,0,0
2020-06-19,Kai Tak Cruise Terminal,0,0,0,0,0,0,0,0
2020-06-19,Macau Ferry Terminal,0,0,0,0,0,0,0,0
2020-06-19,Tuen Mun Ferry Terminal,0,0,0,0,0,0,0,0
2020-06-20,Airport,972,12,54,1038,392,5,51,448
2020-06-20,Express Rail Link West Kowloon,0,0,0,0,0,0,0,0
2020-06-20,Hung Hom,0,0,0,0,0,0,0,0
2020-06-20,Lo Wu,0,0,0,0,0,0,0,0
2020-06-20,Lok Ma Chau Spur Line,0,0,0,0,0,0,0,0
2020-06-20,Hong Kong-Zhuhai-Macao Bridge,46,5,8,59,54,4,6,64
2020-06-20,Lok Ma Chau,0,0,0,0,0,0,0,0
2020-06-20,Man Kam To,0,0,0,0,0,0,0,0
2020-06-20,Sha Tau Kok,0,0,0,0,0,0,0,0
2020-06-20,Shenzhen Bay,728,154,21,903,444,85,5,534
2020-06-20,China Ferry Terminal,0,0,0,0,0,0,0,0
2020-06-20,Harbour Control,0,0,0,0,0,0,0,0
2020-06-20,Kai Tak Cruise Terminal,0,0,0,0,0,0,0,0
2020-06-20,Macau Ferry Terminal,0,0,0,0,0,0,0,0
2020-06-20,Tuen Mun Ferry Terminal,0,0,0,0,0,0,0,0
2020-06-21,Airport,1385,5,71,1461,742,27,78,847
2020-06-21,Express Rail Link West Kowloon,0,0,0,0,0,0,0,0
2020-06-21,Hung Hom,0,0,0,0,0,0,0,0
2020-06-21,Lo Wu,0,0,0,0,0,0,0,0
2020-06-21,Lok Ma Chau Spur Line,0,0,0,0,0,0,0,0
2020-06-21,Hong Kong-Zhuhai-Macao Bridge,52,0,1,53,38,3,2,43
2020-06-21,Lok Ma Chau,0,0,0,0,0,0,0,0
2020-06-21,Man Kam To,0,0,0,0,0,0,0,0
2020-06-21,Sha Tau Kok,0,0,0,0,0,0,0,0
2020-06-21,Shenzhen Bay,623,141,17,781,399,77,5,481
2020-06-21,China Ferry Terminal,0,0,0,0,0,0,0,0
2020-06-21,Harbour Control,0,0,0,0,0,0,0,0
2020-06-21,Kai Tak Cruise Terminal,0,0,0,0,0,0,0,0
2020-06-21,Macau Ferry Terminal,0,0,0,0,0,0,0,0
2020-06-21,Tuen Mun Ferry Terminal,0,0,0,0,0,0,0,0
2020-06-22,Airport,592,7,64,663,211,4,36,251
2020-06-22,Express Rail Link West Kowloon,0,0,0,0,0,0,0,0
2020-06-22,Hung Hom,0,0,0,0,0,0,0,0
2020-06-22,Lo Wu,0,0,0,0,0,0,0,0
2020-06-22,Lok Ma Chau Spur Line,1285,0,0,1285,1285,0,0,1285
2020-06-22,Hong Kong-Zhuhai-Macao Bridge,54,4,2,60,86,5,14,105
2020-06-22,Lok Ma Chau,0,0,0,0,0,0,0,0
2020-06-22,Man Kam To,0,0,0,0,0,0,0,0
2020-06-22,Sha Tau Kok,0,0,0,0,0,0,0,0
2020-06-22,Shenzhen Bay,1048,168,18,1234,998,74,31,1103
2020-06-22,China Ferry Terminal,0,0,0,0,0,0,0,0
2020-06-22,Harbour Control,0,0,0,0,0,0,0,0
2020-06-22,Kai Tak Cruise Terminal,0,0,0,0,0,0,0,0
2020-06-22,Macau Ferry Terminal,0,0,0,0,0,0,0,0
2020-06-22,Tuen Mun Ferry Terminal,0,0,0,0,0,0,0,0
2020-06-23,Airport,1179,9,34,1222,429,18,54,501
2020-06-23,Express Rail Link West Kowloon,0,0,0,0,0,0,0,0
2020-06-23,Hung Hom,0,0,0,0,0,0,0,0
2020-06-23,Lo Wu,0,0,0,0,0,0,0,0
2020-06-23,Lok Ma Chau Spur Line,1299,0,0,1299,1299,0,0,1299
2020-06-23,Hong Kong-Zhuhai-Macao Bridge,48,2,3,53,58,3,4,65
2020-06-23,Lok Ma Chau,0,0,0,0,0,0,0,0
2020-06-23,Man Kam To,0,0,0,0,0,0,0,0
2020-06-23,Sha Tau Kok,0,0,0,0,0,0,0,0
2020-06-23,Shenzhen Bay,973,136,9,1118,778,73,6,857
2020-06-23,China Ferry Terminal,0,0,0,0,0,0,0,0
2020-06-23,Harbour Control,0,0,0,0,0,0,0,0
2020-06-23,Kai Tak Cruise Terminal,0,0,0,0,0,0,0,0
2020-06-23,Macau Ferry Terminal,0,0,0,0,0,0,0,0
2020-06-23,Tuen Mun Ferry Terminal,0,0,0,0,0,0,0,0
2020-06-24,Airport,738,3,55,796,547,6,44,597
2020-06-24,Express Rail Link West Kowloon,0,0,0,0,0,0,0,0
2020-06-24,Hung Hom,0,0,0,0,0,0,0,0
2020-06-24,Lo Wu,0,0,0,0,0,0,0,0
2020-06-24,Lok Ma Chau Spur Line,1292,0,0,1292,1293,0,0,1293
2020-06-24,Hong Kong-Zhuhai-Macao Bridge,52,2,3,57,67,5,4,76
2020-06-24,Lok Ma Chau,0,0,0,0,0,0,0,0
2020-06-24,Man Kam To,0,0,0,0,0,0,0,0
2020-06-24,Sha Tau Kok,0,0,0,0,0,0,0,0
2020-06-24,Shenzhen Bay,1019,99,15,1133,796,72,4,872
2020-06-24,China Ferry Terminal,0,0,0,0,0,0,0,0
2020-06-24,Harbour Control,0,0,0,0,0,0,0,0
2020-06-24,Kai Tak Cruise Terminal,0,0,0,0,0,0,0,0
2020-06-24,Macau Ferry Terminal,0,0,0,0,0,0,0,0
2020-06-24,Tuen Mun Ferry Terminal,0,0,0,0,0,0,0,0
2020-06-25,Airport,815,2,46,863,716,11,68,795
2020-06-25,Express Rail Link West Kowloon,0,0,0,0,0,0,0,0
2020-06-25,Hung Hom,0,0,0,0,0,0,0,0
2020-06-25,Lo Wu,0,0,0,0,0,0,0,0
2020-06-25,Lok Ma Chau Spur Line,0,0,0,0,0,0,0,0
2020-06-25,Hong Kong-Zhuhai-Macao Bridge,49,2,1,52,57,3,3,63
2020-06-25,Lok Ma Chau,0,0,0,0,0,0,0,0
2020-06-25,Man Kam To,0,0,0,0,0,0,0,0
2020-06-25,Sha Tau Kok,0,0,0,0,0,0,0,0
2020-06-25,Shenzhen Bay,501,93,9,603,383,56,0,439
2020-06-25,China Ferry Terminal,0,0,0,0,0,0,0,0
2020-06-25,Harbour Control,0,0,0,0,0,0,0,0
2020-06-25,Kai Tak Cruise Terminal,0,0,0,0,0,0,0,0
2020-06-25,Macau Ferry Terminal,0,0,0,0,0,0,0,0
2020-06-25,Tuen Mun Ferry Terminal,0,0,0,0,0,0,0,0
2020-06-26,Airport,1077,8,57,1142,640,13,85,738
2020-06-26,Express Rail Link West Kowloon,0,0,0,0,0,0,0,0
2020-06-26,Hung Hom,0,0,0,0,0,0,0,0
2020-06-26,Lo Wu,0,0,0,0,0,0,0,0
2020-06-26,Lok Ma Chau Spur Line,1264,0,0,1264,1264,0,0,1264
2020-06-26,Hong Kong-Zhuhai-Macao Bridge,40,3,6,49,58,7,2,67
2020-06-26,Lok Ma Chau,0,0,0,0,0,0,0,0
2020-06-26,Man Kam To,0,0,0,0,0,0,0,0
2020-06-26,Sha Tau Kok,0,0,0,0,0,0,0,0
2020-06-26,Shenzhen Bay,813,99,17,929,732,76,2,810
2020-06-26,China Ferry Terminal,0,0,0,0,0,0,0,0
2020-06-26,Harbour Control,0,0,0,0,0,0,0,0
2020-06-26,Kai Tak Cruise Terminal,0,0,0,0,0,0,0,0
2020-06-26,Macau Ferry Terminal,0,0,0,0,0,0,0,0
2020-06-26,Tuen Mun Ferry Terminal,0,0,0,0,0,0,0,0
2020-06-27,Airport,1024,1,53,1078,625,15,138,778
2020-06-27,Express Rail Link West Kowloon,0,0,0,0,0,0,0,0
2020-06-27,Hung Hom,0,0,0,0,0,0,0,0
2020-06-27,Lo Wu,0,0,0,0,0,0,0,0
2020-06-27,Lok Ma Chau Spur Line,0,0,0,0,0,0,0,0
2020-06-27,Hong Kong-Zhuhai-Macao Bridge,37,7,10,54,42,2,3,47
2020-06-27,Lok Ma Chau,0,0,0,0,0,0,0,0
2020-06-27,Man Kam To,0,0,0,0,0,0,0,0
2020-06-27,Sha Tau Kok,0,0,0,0,0,0,0,0
2020-06-27,Shenzhen Bay,527,73,12,612,339,69,7,415
2020-06-27,China Ferry Terminal,0,0,0,0,0,0,0,0
2020-06-27,Harbour Control,0,0,0,0,0,0,0,0
2020-06-27,Kai Tak Cruise Terminal,0,0,0,0,0,0,0,0
2020-06-27,Macau Ferry Terminal,0,0,0,0,0,0,0,0
2020-06-27,Tuen Mun Ferry Terminal,0,0,0,0,0,0,0,0
2020-06-28,Airport,928,5,69,1002,874,1,103,978
2020-06-28,Express Rail Link West Kowloon,0,0,0,0,0,0,0,0
2020-06-28,Hung Hom,0,0,0,0,0,0,0,0
2020-06-28,Lo Wu,0,0,0,0,0,0,0,0
2020-06-28,Lok Ma Chau Spur Line,0,0,0,0,0,0,0,0
2020-06-28,Hong Kong-Zhuhai-Macao Bridge,31,2,2,35,39,0,3,42
2020-06-28,Lok Ma Chau,0,0,0,0,0,0,0,0
2020-06-28,Man Kam To,0,0,0,0,0,0,0,0
2020-06-28,Sha Tau Kok,0,0,0,0,0,0,0,0
2020-06-28,Shenzhen Bay,608,117,11,736,309,42,19,370
2020-06-28,China Ferry Terminal,0,0,0,0,0,0,0,0
2020-06-28,Harbour Control,0,0,0,0,0,0,0,0
2020-06-28,Kai Tak Cruise Terminal,0,0,0,0,0,0,0,0
2020-06-28,Macau Ferry Terminal,0,0,0,0,0,0,0,0
2020-06-28,Tuen Mun Ferry Terminal,0,0,0,0,0,0,0,0
2020-06-29,Airport,554,5,34,593,336,4,108,448
2020-06-29,Express Rail Link West Kowloon,0,0,0,0,0,0,0,0
2020-06-29,Hung Hom,0,0,0,0,0,0,0,0
2020-06-29,Lo Wu,0,0,0,0,0,0,0,0
2020-06-29,Lok Ma Chau Spur Line,1300,0,0,1300,1300,0,0,1300
2020-06-29,Hong Kong-Zhuhai-Macao Bridge,40,3,4,47,76,4,3,83
2020-06-29,Lok Ma Chau,0,0,0,0,0,0,0,0
2020-06-29,Man Kam To,0,0,0,0,0,0,0,0
2020-06-29,Sha Tau Kok,0,0,0,0,0,0,0,0
2020-06-29,Shenzhen Bay,865,80,6,951,774,52,20,846
2020-06-29,China Ferry Terminal,0,0,0,0,0,0,0,0
2020-06-29,Harbour Control,0,0,0,0,0,0,0,0
2020-06-29,Kai Tak Cruise Terminal,0,0,0,0,0,0,0,0
2020-06-29,Macau Ferry Terminal,0,0,0,0,0,0,0,0
2020-06-29,Tuen Mun Ferry Terminal,0,0,0,0,0,0,0,0
2020-06-30,Airport,1221,7,82,1310,730,5,62,797
2020-06-30,Express Rail Link West Kowloon,0,0,0,0,0,0,0,0
2020-06-30,Hung Hom,0,0,0,0,0,0,0,0
2020-06-30,Lo Wu,0,0,0,0,0,0,0,0
2020-06-30,Lok Ma Chau Spur Line,1235,0,0,1235,1235,0,0,1235
2020-06-30,Hong Kong-Zhuhai-Macao Bridge,42,3,3,48,88,4,6,98
2020-06-30,Lok Ma Chau,0,0,0,0,0,0,0,0
2020-06-30,Man Kam To,0,0,0,0,0,0,0,0
2020-06-30,Sha Tau Kok,0,0,0,0,0,0,0,0
2020-06-30,Shenzhen Bay,928,159,10,1097,878,85,3,966
2020-06-30,China Ferry Terminal,0,0,0,0,0,0,0,0
2020-06-30,Harbour Control,0,0,0,0,0,0,0,0
2020-06-30,Kai Tak Cruise Terminal,0,0,0,0,0,0,0,0
2020-06-30,Macau Ferry Terminal,0,0,0,0,0,0,0,0
2020-06-30,Tuen Mun Ferry Terminal,0,0,0,0,0,0,0,0
2020-07-01,Airport,682,3,58,743,1022,20,82,1124
2020-07-01,Express Rail Link West Kowloon,0,0,0,0,0,0,0,0
2020-07-01,Hung Hom,0,0,0,0,0,0,0,0
2020-07-01,Lo Wu,0,0,0,0,0,0,0,0
2020-07-01,Lok Ma Chau Spur Line,0,0,0,0,0,0,0,0
2020-07-01,Hong Kong-Zhuhai-Macao Bridge,41,7,4,52,75,9,5,89
2020-07-01,Lok Ma Chau,0,0,0,0,0,0,0,0
2020-07-01,Man Kam To,0,0,0,0,0,0,0,0
2020-07-01,Sha Tau Kok,0,0,0,0,0,0,0,0
2020-07-01,Shenzhen Bay,566,104,8,678,496,86,3,585
2020-07-01,China Ferry Terminal,0,0,0,0,0,0,0,0
2020-07-01,Harbour Control,0,0,0,0,0,0,0,0
2020-07-01,Kai Tak Cruise Terminal,0,0,0,0,0,0,0,0
2020-07-01,Macau Ferry Terminal,0,0,0,0,0,0,0,0
2020-07-01,Tuen Mun Ferry Terminal,0,0,0,0,0,0,0,0
2020-07-02,Airport,1017,5,75,1097,880,23,60,963
2020-07-02,Express Rail Link West Kowloon,0,0,0,0,0,0,0,0
2020-07-02,Hung Hom,0,0,0,0,0,0,0,0
2020-07-02,Lo Wu,0,0,0,0,0,0,0,0
2020-07-02,Lok Ma Chau Spur Line,1291,0,0,1291,1291,0,0,1291
2020-07-02,Hong Kong-Zhuhai-Macao Bridge,73,1,3,77,86,9,3,98
2020-07-02,Lok Ma Chau,0,0,0,0,0,0,0,0
2020-07-02,Man Kam To,0,0,0,0,0,0,0,0
2020-07-02,Sha Tau Kok,0,0,0,0,0,0,0,0
2020-07-02,Shenzhen Bay,981,86,11,1078,918,88,8,1014
2020-07-02,China Ferry Terminal,0,0,0,0,0,0,0,0
2020-07-02,Harbour Control,0,0,0,0,0,0,0,0
2020-07-02,Kai Tak Cruise Terminal,0,0,0,0,0,0,0,0
2020-07-02,Macau Ferry Terminal,0,0,0,0,0,0,0,0
2020-07-02,Tuen Mun Ferry Terminal,0,0,0,0,0,0,0,0
2020-07-03,Airport,1145,7,71,1223,1054,17,87,1158
2020-07-03,Express Rail Link West Kowloon,0,0,0,0,0,0,0,0
2020-07-03,Hung Hom,0,0,0,0,0,0,0,0
2020-07-03,Lo Wu,0,0,0,0,0,0,0,0
2020-07-03,Lok Ma Chau Spur Line,1219,0,0,1219,1219,0,0,1219
2020-07-03,Hong Kong-Zhuhai-Macao Bridge,57,7,3,67,84,6,7,97
2020-07-03,Lok Ma Chau,0,0,0,0,0,0,0,0
2020-07-03,Man Kam To,0,0,0,0,0,0,0,0
2020-07-03,Sha Tau Kok,0,0,0,0,0,0,0,0
2020-07-03,Shenzhen Bay,1063,134,5,1202,868,107,14,989
2020-07-03,China Ferry Terminal,0,0,0,0,0,0,0,0
2020-07-03,Harbour Control,0,0,0,0,0,0,0,0
2020-07-03,Kai Tak Cruise Terminal,0,0,0,0,0,0,0,0
2020-07-03,Macau Ferry Terminal,0,0,0,0,0,0,0,0
2020-07-03,Tuen Mun Ferry Terminal,0,0,0,0,0,0,0,0
2020-07-04,Airport,1068,13,57,1138,809,9,133,951
2020-07-04,Express Rail Link West Kowloon,0,0,0,0,0,0,0,0
2020-07-04,Hung Hom,0,0,0,0,0,0,0,0
2020-07-04,Lo Wu,0,0,0,0,0,0,0,0
2020-07-04,Lok Ma Chau Spur Line,0,0,0,0,0,0,0,0
2020-07-04,Hong Kong-Zhuhai-Macao Bridge,66,8,3,77,79,3,5,87
2020-07-04,Lok Ma Chau,0,0,0,0,0,0,0,0
2020-07-04,Man Kam To,0,0,0,0,0,0,0,0
2020-07-04,Sha Tau Kok,0,0,0,0,0,0,0,0
2020-07-04,Shenzhen Bay,746,145,11,902,707,109,14,830
2020-07-04,China Ferry Terminal,0,0,0,0,0,0,0,0
2020-07-04,Harbour Control,0,0,0,0,0,0,0,0
2020-07-04,Kai Tak Cruise Terminal,0,0,0,0,0,0,0,0
2020-07-04,Macau Ferry Terminal,0,0,0,0,0,0,0,0
2020-07-04,Tuen Mun Ferry Terminal,0,0,0,0,0,0,0,0
2020-07-05,Airport,1276,6,48,1330,994,14,151,1159
2020-07-05,Express Rail Link West Kowloon,0,0,0,0,0,0,0,0
2020-07-05,Hung Hom,0,0,0,0,0,0,0,0
2020-07-05,Lo Wu,0,0,0,0,0,0,0,0
2020-07-05,Lok Ma Chau Spur Line,0,0,0,0,0,0,0,0
2020-07-05,Hong Kong-Zhuhai-Macao Bridge,70,6,4,80,89,12,2,103
2020-07-05,Lok Ma Chau,0,0,0,0,0,0,0,0
2020-07-05,Man Kam To,0,0,0,0,0,0,0,0
2020-07-05,Sha Tau Kok,0,0,0,0,0,0,0,0
2020-07-05,Shenzhen Bay,942,197,13,1152,664,131,4,799
2020-07-05,China Ferry Terminal,0,0,0,0,0,0,0,0
2020-07-05,Harbour Control,0,0,0,0,0,0,0,0
2020-07-05,Kai Tak Cruise Terminal,0,0,0,0,0,0,0,0
2020-07-05,Macau Ferry Terminal,0,0,0,0,0,0,0,0
2020-07-05,Tuen Mun Ferry Terminal,0,0,0,0,0,0,0,0
2020-07-06,Airport,843,4,46,893,312,2,110,424
2020-07-06,Express Rail Link West Kowloon,0,0,0,0,0,0,0,0
2020-07-06,Hung Hom,0,0,0,0,0,0,0,0
2020-07-06,Lo Wu,0,0,0,0,0,0,0,0
2020-07-06,Lok Ma Chau Spur Line,1133,0,0,1133,1133,0,0,1133
2020-07-06,Hong Kong-Zhuhai-Macao Bridge,106,2,3,111,113,6,4,123
2020-07-06,Lok Ma Chau,0,0,0,0,0,0,0,0
2020-07-06,Man Kam To,0,0,0,0,0,0,0,0
2020-07-06,Sha Tau Kok,0,0,0,0,0,0,0,0
2020-07-06,Shenzhen Bay,1318,137,16,1471,1040,117,16,1173
2020-07-06,China Ferry Terminal,0,0,0,0,0,0,0,0
2020-07-06,Harbour Control,0,0,0,0,0,0,0,0
2020-07-06,Kai Tak Cruise Terminal,0,0,0,0,0,0,0,0
2020-07-06,Macau Ferry Terminal,0,0,0,0,0,0,0,0
2020-07-06,Tuen Mun Ferry Terminal,0,0,0,0,0,0,0,0
2020-07-07,Airport,1044,8,36,1088,819,18,81,918
2020-07-07,Express Rail Link West Kowloon,0,0,0,0,0,0,0,0
2020-07-07,Hung Hom,0,0,0,0,0,0,0,0
2020-07-07,Lo Wu,0,0,0,0,0,0,0,0
2020-07-07,Lok Ma Chau Spur Line,1186,0,0,1186,1186,0,0,1186
2020-07-07,Hong Kong-Zhuhai-Macao Bridge,104,4,9,117,138,5,8,151
2020-07-07,Lok Ma Chau,0,0,0,0,0,0,0,0
2020-07-07,Man Kam To,0,0,0,0,0,0,0,0
2020-07-07,Sha Tau Kok,0,0,0,0,0,0,0,0
2020-07-07,Shenzhen Bay,1279,155,14,1448,1106,130,6,1242
2020-07-07,China Ferry Terminal,0,0,0,0,0,0,0,0
2020-07-07,Harbour Control,0,0,0,0,0,0,0,0
2020-07-07,Kai Tak Cruise Terminal,0,0,0,0,0,0,0,0
2020-07-07,Macau Ferry Terminal,0,0,0,0,0,0,0,0
2020-07-07,Tuen Mun Ferry Terminal,0,0,0,0,0,0,0,0
2020-07-08,Airport,1091,11,76,1178,774,5,197,976
2020-07-08,Express Rail Link West Kowloon,0,0,0,0,0,0,0,0
2020-07-08,Hung Hom,0,0,0,0,0,0,0,0
2020-07-08,Lo Wu,0,0,0,0,0,0,0,0
2020-07-08,Lok Ma Chau Spur Line,1030,0,0,1030,1030,0,0,1030
2020-07-08,Hong Kong-Zhuhai-Macao Bridge,122,6,6,134,172,7,8,187
2020-07-08,Lok Ma Chau,0,0,0,0,0,0,0,0
2020-07-08,Man Kam To,0,0,0,0,0,0,0,0
2020-07-08,Sha Tau Kok,0,0,0,0,0,0,0,0
2020-07-08,Shenzhen Bay,1428,184,20,1632,1341,175,5,1521
2020-07-08,China Ferry Terminal,0,0,0,0,0,0,0,0
2020-07-08,Harbour Control,0,0,0,0,0,0,0,0
2020-07-08,Kai Tak Cruise Terminal,0,0,0,0,0,0,0,0
2020-07-08,Macau Ferry Terminal,0,0,0,0,0,0,0,0
2020-07-08,Tuen Mun Ferry Terminal,0,0,0,0,0,0,0,0
2020-07-09,Airport,661,9,44,714,727,21,84,832
2020-07-09,Express Rail Link West Kowloon,0,0,0,0,0,0,0,0
2020-07-09,Hung Hom,0,0,0,0,0,0,0,0
2020-07-09,Lo Wu,0,0,0,0,0,0,0,0
2020-07-09,Lok Ma Chau Spur Line,721,0,0,721,721,0,0,721
2020-07-09,Hong Kong-Zhuhai-Macao Bridge,98,5,3,106,212,10,8,230
2020-07-09,Lok Ma Chau,0,0,0,0,0,0,0,0
2020-07-09,Man Kam To,0,0,0,0,0,0,0,0
2020-07-09,Sha Tau Kok,0,0,0,0,0,0,0,0
2020-07-09,Shenzhen Bay,1336,161,7,1504,1178,195,9,1382
2020-07-09,China Ferry Terminal,0,0,0,0,0,0,0,0
2020-07-09,Harbour Control,0,0,0,0,0,0,0,0
2020-07-09,Kai Tak Cruise Terminal,0,0,0,0,0,0,0,0
2020-07-09,Macau Ferry Terminal,0,0,0,0,0,0,0,0
2020-07-09,Tuen Mun Ferry Terminal,0,0,0,0,0,0,0,0
2020-07-10,Airport,1298,2,105,1405,852,29,96,977
2020-07-10,Express Rail Link West Kowloon,0,0,0,0,0,0,0,0
2020-07-10,Hung Hom,0,0,0,0,0,0,0,0
2020-07-10,Lo Wu,0,0,0,0,0,0,0,0
2020-07-10,Lok Ma Chau Spur Line,827,0,0,827,827,0,0,827
2020-07-10,Hong Kong-Zhuhai-Macao Bridge,102,11,5,118,239,23,16,278
2020-07-10,Lok Ma Chau,0,0,0,0,0,0,0,0
2020-07-10,Man Kam To,0,0,0,0,0,0,0,0
2020-07-10,Sha Tau Kok,0,0,0,0,0,0,0,0
2020-07-10,Shenzhen Bay,1102,162,10,1274,1567,229,16,1812
2020-07-10,China Ferry Terminal,0,0,0,0,0,0,0,0
2020-07-10,Harbour Control,0,0,0,0,0,0,0,0
2020-07-10,Kai Tak Cruise Terminal,0,0,0,0,0,0,0,0
2020-07-10,Macau Ferry Terminal,0,0,0,0,0,0,0,0
2020-07-10,Tuen Mun Ferry Terminal,0,0,0,0,0,0,0,0
2020-07-11,Airport,1248,13,75,1336,791,19,92,902
2020-07-11,Express Rail Link West Kowloon,0,0,0,0,0,0,0,0
2020-07-11,Hung Hom,0,0,0,0,0,0,0,0
2020-07-11,Lo Wu,0,0,0,0,0,0,0,0
2020-07-11,Lok Ma Chau Spur Line,0,0,0,0,0,0,0,0
2020-07-11,Hong Kong-Zhuhai-Macao Bridge,75,2,7,84,263,41,9,313
2020-07-11,Lok Ma Chau,0,0,0,0,0,0,0,0
2020-07-11,Man Kam To,0,0,0,0,0,0,0,0
2020-07-11,Sha Tau Kok,0,0,0,0,0,0,0,0
2020-07-11,Shenzhen Bay,737,159,10,906,2017,427,11,2455
2020-07-11,China Ferry Terminal,0,0,0,0,0,0,0,0
2020-07-11,Harbour Control,0,0,0,0,0,0,0,0
2020-07-11,Kai Tak Cruise Terminal,0,0,0,0,0,0,0,0
2020-07-11,Macau Ferry Terminal,0,0,0,0,0,0,0,0
2020-07-11,Tuen Mun Ferry Terminal,0,0,0,0,0,0,0,0
2020-07-12,Airport,1105,10,79,1194,1114,61,109,1284
2020-07-12,Express Rail Link West Kowloon,0,0,0,0,0,0,0,0
2020-07-12,Hung Hom,0,0,0,0,0,0,0,0
2020-07-12,Lo Wu,0,0,0,0,0,0,0,0
2020-07-12,Lok Ma Chau Spur Line,0,0,0,0,0,0,0,0
2020-07-12,Hong Kong-Zhuhai-Macao Bridge,71,6,9,86,259,34,5,298
2020-07-12,Lok Ma Chau,0,0,0,0,0,0,0,0
2020-07-12,Man Kam To,0,0,0,0,0,0,0,0
2020-07-12,Sha Tau Kok,0,0,0,0,0,0,0,0
2020-07-12,Shenzhen Bay,826,116,7,949,1528,339,17,1884
2020-07-12,China Ferry Terminal,0,0,0,0,0,0,0,0
2020-07-12,Harbour Control,0,0,0,0,0,0,0,0
2020-07-12,Kai Tak Cruise Terminal,0,0,0,0,0,0,0,0
2020-07-12,Macau Ferry Terminal,0,0,0,0,0,0,0,0
2020-07-12,Tuen Mun Ferry Terminal,0,0,0,0,0,0,0,0
2020-07-13,Airport,731,9,55,795,326,30,62,418
2020-07-13,Express Rail Link West Kowloon,0,0,0,0,0,0,0,0
2020-07-13,Hung Hom,0,0,0,0,0,0,0,0
2020-07-13,Lo Wu,0,0,0,0,0,0,0,0
2020-07-13,Lok Ma Chau Spur Line,151,0,0,151,151,0,0,151
2020-07-13,Hong Kong-Zhuhai-Macao Bridge,99,2,3,104,393,43,4,440
2020-07-13,Lok Ma Chau,0,0,0,0,0,0,0,0
2020-07-13,Man Kam To,0,0,0,0,0,0,0,0
2020-07-13,Sha Tau Kok,0,0,0,0,0,0,0,0
2020-07-13,Shenzhen Bay,935,109,11,1055,2326,355,21,2702
2020-07-13,China Ferry Terminal,0,0,0,0,0,0,0,0
2020-07-13,Harbour Control,0,0,0,0,0,0,0,0
2020-07-13,Kai Tak Cruise Terminal,0,0,0,0,0,0,0,0
2020-07-13,Macau Ferry Terminal,0,0,0,0,0,0,0,0
2020-07-13,Tuen Mun Ferry Terminal,0,0,0,0,0,0,0,0
2020-07-14,Airport,768,8,55,831,1082,66,84,1232
2020-07-14,Express Rail Link West Kowloon,0,0,0,0,0,0,0,0
2020-07-14,Hung Hom,0,0,0,0,0,0,0,0
2020-07-14,Lo Wu,0,0,0,0,0,0,0,0
2020-07-14,Lok Ma Chau Spur Line,57,0,0,57,57,0,0,57
2020-07-14,Hong Kong-Zhuhai-Macao Bridge,47,2,1,50,516,65,5,586
2020-07-14,Lok Ma Chau,0,0,0,0,0,0,0,0
2020-07-14,Man Kam To,0,0,0,0,0,0,0,0
2020-07-14,Sha Tau Kok,0,0,0,0,0,0,0,0
2020-07-14,Shenzhen Bay,715,88,7,810,2694,469,19,3182
2020-07-14,China Ferry Terminal,0,0,0,0,0,0,0,0
2020-07-14,Harbour Control,0,0,0,0,0,0,0,0
2020-07-14,Kai Tak Cruise Terminal,0,0,0,0,0,0,0,0
2020-07-14,Macau Ferry Terminal,0,0,0,0,0,0,0,0
2020-07-14,Tuen Mun Ferry Terminal,0,0,0,0,0,0,0,0
2020-07-15,Airport,1035,3,58,1096,880,20,74,974
2020-07-15,Express Rail Link West Kowloon,0,0,0,0,0,0,0,0
2020-07-15,Hung Hom,0,0,0,0,0,0,0,0
2020-07-15,Lo Wu,0,0,0,0,0,0,0,0
2020-07-15,Lok Ma Chau Spur Line,65,0,0,65,65,0,0,65
2020-07-15,Hong Kong-Zhuhai-Macao Bridge,98,3,3,104,637,87,8,732
2020-07-15,Lok Ma Chau,0,0,0,0,0,0,0,0
2020-07-15,Man Kam To,0,0,0,0,0,0,0,0
2020-07-15,Sha Tau Kok,0,0,0,0,0,0,0,0
2020-07-15,Shenzhen Bay,752,83,7,842,2660,470,16,3146
2020-07-15,China Ferry Terminal,0,0,0,0,0,0,0,0
2020-07-15,Harbour Control,0,0,0,0,0,0,0,0
2020-07-15,Kai Tak Cruise Terminal,0,0,0,0,0,0,0,0
2020-07-15,Macau Ferry Terminal,0,0,0,0,0,0,0,0
2020-07-15,Tuen Mun Ferry Terminal,0,0,0,0,0,0,0,0
2020-07-16,Airport,516,3,28,547,706,24,36,766
2020-07-16,Express Rail Link West Kowloon,0,0,0,0,0,0,0,0
2020-07-16,Hung Hom,0,0,0,0,0,0,0,0
2020-07-16,Lo Wu,0,0,0,0,0,0,0,0
2020-07-16,Lok Ma Chau Spur Line,58,0,0,58,58,0,0,58
2020-07-16,Hong Kong-Zhuhai-Macao Bridge,91,5,8,104,538,66,8,612
2020-07-16,Lok Ma Chau,0,0,0,0,0,0,0,0
2020-07-16,Man Kam To,0,0,0,0,0,0,0,0
2020-07-16,Sha Tau Kok,0,0,0,0,0,0,0,0
2020-07-16,Shenzhen Bay,651,85,8,744,2576,346,16,2938
2020-07-16,China Ferry Terminal,0,0,0,0,0,0,0,0
2020-07-16,Harbour Control,0,0,0,0,0,0,0,0
2020-07-16,Kai Tak Cruise Terminal,0,0,0,0,0,0,0,0
2020-07-16,Macau Ferry Terminal,0,0,0,0,0,0,0,0
2020-07-16,Tuen Mun Ferry Terminal,0,0,0,0,0,0,0,0
2020-07-17,Airport,1073,7,82,1162,1209,51,72,1332
2020-07-17,Express Rail Link West Kowloon,0,0,0,0,0,0,0,0
2020-07-17,Hung Hom,0,0,0,0,0,0,0,0
2020-07-17,Lo Wu,0,0,0,0,0,0,0,0
2020-07-17,Lok Ma Chau Spur Line,37,0,0,37,37,0,0,37
2020-07-17,Hong Kong-Zhuhai-Macao Bridge,69,2,3,74,94,1,3,98
2020-07-17,Lok Ma Chau,0,0,0,0,0,0,0,0
2020-07-17,Man Kam To,0,0,0,0,0,0,0,0
2020-07-17,Sha Tau Kok,0,0,0,0,0,0,0,0
2020-07-17,Shenzhen Bay,588,54,16,658,360,45,11,416
2020-07-17,China Ferry Terminal,0,0,0,0,0,0,0,0
2020-07-17,Harbour Control,0,0,0,0,0,0,0,0
2020-07-17,Kai Tak Cruise Terminal,0,0,0,0,0,0,0,0
2020-07-17,Macau Ferry Terminal,0,0,0,0,0,0,0,0
2020-07-17,Tuen Mun Ferry Terminal,0,0,0,0,0,0,0,0
2020-07-18,Airport,693,12,45,750,1074,65,69,1208
2020-07-18,Express Rail Link West Kowloon,0,0,0,0,0,0,0,0
2020-07-18,Hung Hom,0,0,0,0,0,0,0,0
2020-07-18,Lo Wu,0,0,0,0,0,0,0,0
2020-07-18,Lok Ma Chau Spur Line,0,0,0,0,0,0,0,0
2020-07-18,Hong Kong-Zhuhai-Macao Bridge,58,3,5,66,153,16,7,176
2020-07-18,Lok Ma Chau,0,0,0,0,0,0,0,0
2020-07-18,Man Kam To,0,0,0,0,0,0,0,0
2020-07-18,Sha Tau Kok,0,0,0,0,0,0,0,0
2020-07-18,Shenzhen Bay,472,75,4,551,745,68,9,822
2020-07-18,China Ferry Terminal,0,0,0,0,0,0,0,0
2020-07-18,Harbour Control,0,0,0,0,0,0,0,0
2020-07-18,Kai Tak Cruise Terminal,0,0,0,0,0,0,0,0
2020-07-18,Macau Ferry Terminal,0,0,0,0,0,0,0,0
2020-07-18,Tuen Mun Ferry Terminal,0,0,0,0,0,0,0,0
2020-07-19,Airport,912,2,42,956,1428,73,109,1610
2020-07-19,Express Rail Link West Kowloon,0,0,0,0,0,0,0,0
2020-07-19,Hung Hom,0,0,0,0,0,0,0,0
2020-07-19,Lo Wu,0,0,0,0,0,0,0,0
2020-07-19,Lok Ma Chau Spur Line,0,0,0,0,0,0,0,0
2020-07-19,Hong Kong-Zhuhai-Macao Bridge,32,4,5,41,141,5,4,150
2020-07-19,Lok Ma Chau,0,0,0,0,0,0,0,0
2020-07-19,Man Kam To,0,0,0,0,0,0,0,0
2020-07-19,Sha Tau Kok,0,0,0,0,0,0,0,0
2020-07-19,Shenzhen Bay,435,78,7,520,674,109,7,790
2020-07-19,China Ferry Terminal,0,0,0,0,0,0,0,0
2020-07-19,Harbour Control,0,0,0,0,0,0,0,0
2020-07-19,Kai Tak Cruise Terminal,0,0,0,0,0,0,0,0
2020-07-19,Macau Ferry Terminal,0,0,0,0,0,0,0,0
2020-07-19,Tuen Mun Ferry Terminal,0,0,0,0,0,0,0,0
2020-07-20,Airport,605,2,27,634,794,41,113,948
2020-07-20,Express Rail Link West Kowloon,0,0,0,0,0,0,0,0
2020-07-20,Hung Hom,0,0,0,0,0,0,0,0
2020-07-20,Lo Wu,0,0,0,0,0,0,0,0
2020-07-20,Lok Ma Chau Spur Line,0,0,0,0,0,0,0,0
2020-07-20,Hong Kong-Zhuhai-Macao Bridge,45,3,2,50,156,11,2,169
2020-07-20,Lok Ma Chau,0,0,0,0,0,0,0,0
2020-07-20,Man Kam To,0,0,0,0,0,0,0,0
2020-07-20,Sha Tau Kok,0,0,0,0,0,0,0,0
2020-07-20,Shenzhen Bay,535,68,12,615,798,114,18,930
2020-07-20,China Ferry Terminal,0,0,0,0,0,0,0,0
2020-07-20,Harbour Control,0,0,0,0,0,0,0,0
2020-07-20,Kai Tak Cruise Terminal,0,0,0,0,0,0,0,0
2020-07-20,Macau Ferry Terminal,0,0,0,0,0,0,0,0
2020-07-20,Tuen Mun Ferry Terminal,0,0,0,0,0,0,0,0
2020-07-21,Airport,728,3,49,780,1501,95,72,1668
2020-07-21,Express Rail Link West Kowloon,0,0,0,0,0,0,0,0
2020-07-21,Hung Hom,0,0,0,0,0,0,0,0
2020-07-21,Lo Wu,0,0,0,0,0,0,0,0
2020-07-21,Lok Ma Chau Spur Line,0,0,0,0,0,0,0,0
2020-07-21,Hong Kong-Zhuhai-Macao Bridge,35,2,0,37,200,12,3,215
2020-07-21,Lok Ma Chau,0,0,0,0,0,0,0,0
2020-07-21,Man Kam To,0,0,0,0,0,0,0,0
2020-07-21,Sha Tau Kok,0,0,0,0,0,0,0,0
2020-07-21,Shenzhen Bay,386,45,6,437,1126,141,18,1285
2020-07-21,China Ferry Terminal,0,0,0,0,0,0,0,0
2020-07-21,Harbour Control,0,0,0,0,0,0,0,0
2020-07-21,Kai Tak Cruise Terminal,0,0,0,0,0,0,0,0
2020-07-21,Macau Ferry Terminal,0,0,0,0,0,0,0,0
2020-07-21,Tuen Mun Ferry Terminal,0,0,0,0,0,0,0,0
2020-07-22,Airport,1089,3,47,1139,1064,41,68,1173
2020-07-22,Express Rail Link West Kowloon,0,0,0,0,0,0,0,0
2020-07-22,Hung Hom,0,0,0,0,0,0,0,0
2020-07-22,Lo Wu,0,0,0,0,0,0,0,0
2020-07-22,Lok Ma Chau Spur Line,0,0,0,0,0,0,0,0
2020-07-22,Hong Kong-Zhuhai-Macao Bridge,47,1,5,53,279,26,5,310
2020-07-22,Lok Ma Chau,0,0,0,0,0,0,0,0
2020-07-22,Man Kam To,0,0,0,0,0,0,0,0
2020-07-22,Sha Tau Kok,0,0,0,0,0,0,0,0
2020-07-22,Shenzhen Bay,326,46,6,378,1702,215,10,1927
2020-07-22,China Ferry Terminal,0,0,0,0,0,0,0,0
2020-07-22,Harbour Control,0,0,0,0,0,0,0,0
2020-07-22,Kai Tak Cruise Terminal,0,0,0,0,0,0,0,0
2020-07-22,Macau Ferry Terminal,0,0,0,0,0,0,0,0
2020-07-22,Tuen Mun Ferry Terminal,0,0,0,0,0,0,0,0
2020-07-23,Airport,453,5,11,469,1165,32,195,1392
2020-07-23,Express Rail Link West Kowloon,0,0,0,0,0,0,0,0
2020-07-23,Hung Hom,0,0,0,0,0,0,0,0
2020-07-23,Lo Wu,0,0,0,0,0,0,0,0
2020-07-23,Lok Ma Chau Spur Line,0,0,0,0,0,0,0,0
2020-07-23,Hong Kong-Zhuhai-Macao Bridge,37,1,8,46,252,20,5,277
2020-07-23,Lok Ma Chau,0,0,0,0,0,0,0,0
2020-07-23,Man Kam To,0,0,0,0,0,0,0,0
2020-07-23,Sha Tau Kok,0,0,0,0,0,0,0,0
2020-07-23,Shenzhen Bay,301,37,20,358,1590,210,16,1816
2020-07-23,China Ferry Terminal,0,0,0,0,0,0,0,0
2020-07-23,Harbour Control,0,0,0,0,0,0,0,0
2020-07-23,Kai Tak Cruise Terminal,0,0,0,0,0,0,0,0
2020-07-23,Macau Ferry Terminal,0,0,0,0,0,0,0,0
2020-07-23,Tuen Mun Ferry Terminal,0,0,0,0,0,0,0,0
2020-07-24,Airport,1069,5,42,1116,1386,56,101,1543
2020-07-24,Express Rail Link West Kowloon,0,0,0,0,0,0,0,0
2020-07-24,Hung Hom,0,0,0,0,0,0,0,0
2020-07-24,Lo Wu,0,0,0,0,0,0,0,0
2020-07-24,Lok Ma Chau Spur Line,0,0,0,0,0,0,0,0
2020-07-24,Hong Kong-Zhuhai-Macao Bridge,36,0,2,38,250,18,13,281
2020-07-24,Lok Ma Chau,0,0,0,0,0,0,0,0
2020-07-24,Man Kam To,0,0,0,0,0,0,0,0
2020-07-24,Sha Tau Kok,0,0,0,0,0,0,0,0
2020-07-24,Shenzhen Bay,277,48,0,325,1853,234,16,2103
2020-07-24,China Ferry Terminal,0,0,0,0,0,0,0,0
2020-07-24,Harbour Control,0,0,0,0,0,0,0,0
2020-07-24,Kai Tak Cruise Terminal,0,0,0,0,0,0,0,0
2020-07-24,Macau Ferry Terminal,0,0,0,0,0,0,0,0
2020-07-24,Tuen Mun Ferry Terminal,0,0,0,0,0,0,0,0
2020-07-25,Airport,577,6,21,604,1280,68,55,1403
2020-07-25,Express Rail Link West Kowloon,0,0,0,0,0,0,0,0
2020-07-25,Hung Hom,0,0,0,0,0,0,0,0
2020-07-25,Lo Wu,0,0,0,0,0,0,0,0
2020-07-25,Lok Ma Chau Spur Line,0,0,0,0,0,0,0,0
2020-07-25,Hong Kong-Zhuhai-Macao Bridge,29,2,1,32,252,17,4,273
2020-07-25,Lok Ma Chau,0,0,0,0,0,0,0,0
2020-07-25,Man Kam To,0,0,0,0,0,0,0,0
2020-07-25,Sha Tau Kok,0,0,0,0,0,0,0,0
2020-07-25,Shenzhen Bay,300,51,5,356,1945,256,6,2207
2020-07-25,China Ferry Terminal,0,0,0,0,0,0,0,0
2020-07-25,Harbour Control,0,0,0,0,0,0,0,0
2020-07-25,Kai Tak Cruise Terminal,0,0,0,0,0,0,0,0
2020-07-25,Macau Ferry Terminal,0,0,0,0,0,0,0,0
2020-07-25,Tuen Mun Ferry Terminal,0,0,0,0,0,0,0,0
2020-07-26,Airport,759,4,49,812,1653,85,73,1811
2020-07-26,Express Rail Link West Kowloon,0,0,0,0,0,0,0,0
2020-07-26,Hung Hom,0,0,0,0,0,0,0,0
2020-07-26,Lo Wu,0,0,0,0,0,0,0,0
2020-07-26,Lok Ma Chau Spur Line,0,0,0,0,0,0,0,0
2020-07-26,Hong Kong-Zhuhai-Macao Bridge,14,1,6,21,244,20,4,268
2020-07-26,Lok Ma Chau,0,0,0,0,0,0,0,0
2020-07-26,Man Kam To,0,0,0,0,0,0,0,0
2020-07-26,Sha Tau Kok,0,0,0,0,0,0,0,0
2020-07-26,Shenzhen Bay,280,33,8,321,999,113,7,1119
2020-07-26,China Ferry Terminal,0,0,0,0,0,0,0,0
2020-07-26,Harbour Control,0,0,0,0,0,0,0,0
2020-07-26,Kai Tak Cruise Terminal,0,0,0,0,0,0,0,0
2020-07-26,Macau Ferry Terminal,0,0,0,0,0,0,0,0
2020-07-26,Tuen Mun Ferry Terminal,0,0,0,0,0,0,0,0
2020-07-27,Airport,517,5,25,547,575,33,42,650
2020-07-27,Express Rail Link West Kowloon,0,0,0,0,0,0,0,0
2020-07-27,Hung Hom,0,0,0,0,0,0,0,0
2020-07-27,Lo Wu,0,0,0,0,0,0,0,0
2020-07-27,Lok Ma Chau Spur Line,0,0,0,0,0,0,0,0
2020-07-27,Hong Kong-Zhuhai-Macao Bridge,21,3,4,28,117,3,7,127
2020-07-27,Lok Ma Chau,0,0,0,0,0,0,0,0
2020-07-27,Man Kam To,0,0,0,0,0,0,0,0
2020-07-27,Sha Tau Kok,0,0,0,0,0,0,0,0
2020-07-27,Shenzhen Bay,286,35,6,327,578,86,5,669
2020-07-27,China Ferry Terminal,0,0,0,0,0,0,0,0
2020-07-27,Harbour Control,0,0,0,0,0,0,0,0
2020-07-27,Kai Tak Cruise Terminal,0,0,0,0,0,0,0,0
2020-07-27,Macau Ferry Terminal,0,0,0,0,0,0,0,0
2020-07-27,Tuen Mun Ferry Terminal,0,0,0,0,0,0,0,0
2020-07-28,Airport,869,10,47,926,1379,62,84,1525
2020-07-28,Express Rail Link West Kowloon,0,0,0,0,0,0,0,0
2020-07-28,Hung Hom,0,0,0,0,0,0,0,0
2020-07-28,Lo Wu,0,0,0,0,0,0,0,0
2020-07-28,Lok Ma Chau Spur Line,0,0,0,0,0,0,0,0
2020-07-28,Hong Kong-Zhuhai-Macao Bridge,21,0,8,29,222,12,1,235
2020-07-28,Lok Ma Chau,0,0,0,0,0,0,0,0
2020-07-28,Man Kam To,0,0,0,0,0,0,0,0
2020-07-28,Sha Tau Kok,0,0,0,0,0,0,0,0
2020-07-28,Shenzhen Bay,281,37,9,327,1098,125,6,1229
2020-07-28,China Ferry Terminal,0,0,0,0,0,0,0,0
2020-07-28,Harbour Control,0,0,0,0,0,0,0,0
2020-07-28,Kai Tak Cruise Terminal,0,0,0,0,0,0,0,0
2020-07-28,Macau Ferry Terminal,0,0,0,0,0,0,0,0
2020-07-28,Tuen Mun Ferry Terminal,0,0,0,0,0,0,0,0
2020-07-29,Airport,333,0,23,356,1143,28,53,1224
2020-07-29,Express Rail Link West Kowloon,0,0,0,0,0,0,0,0
2020-07-29,Hung Hom,0,0,0,0,0,0,0,0
2020-07-29,Lo Wu,0,0,0,0,0,0,0,0
2020-07-29,Lok Ma Chau Spur Line,0,0,0,0,0,0,0,0
2020-07-29,Hong Kong-Zhuhai-Macao Bridge,36,0,7,43,291,16,6,313
2020-07-29,Lok Ma Chau,0,0,0,0,0,0,0,0
2020-07-29,Man Kam To,0,0,0,0,0,0,0,0
2020-07-29,Sha Tau Kok,0,0,0,0,0,0,0,0
2020-07-29,Shenzhen Bay,306,25,4,335,2295,267,14,2576
2020-07-29,China Ferry Terminal,0,0,0,0,0,0,0,0
2020-07-29,Harbour Control,0,0,0,0,0,0,0,0
2020-07-29,Kai Tak Cruise Terminal,0,0,0,0,0,0,0,0
2020-07-29,Macau Ferry Terminal,0,0,0,0,0,0,0,0
2020-07-29,Tuen Mun Ferry Terminal,0,0,0,0,0,0,0,0
2020-07-30,Airport,250,3,20,273,779,23,36,838
2020-07-30,Express Rail Link West Kowloon,0,0,0,0,0,0,0,0
2020-07-30,Hung Hom,0,0,0,0,0,0,0,0
2020-07-30,Lo Wu,0,0,0,0,0,0,0,0
2020-07-30,Lok Ma Chau Spur Line,0,0,0,0,0,0,0,0
2020-07-30,Hong Kong-Zhuhai-Macao Bridge,39,2,1,42,321,20,9,350
2020-07-30,Lok Ma Chau,0,0,0,0,0,0,0,0
2020-07-30,Man Kam To,0,0,0,0,0,0,0,0
2020-07-30,Sha Tau Kok,0,0,0,0,0,0,0,0
2020-07-30,Shenzhen Bay,309,36,3,348,1941,228,3,2172
2020-07-30,China Ferry Terminal,0,0,0,0,0,0,0,0
2020-07-30,Harbour Control,0,0,0,0,0,0,0,0
2020-07-30,Kai Tak Cruise Terminal,0,0,0,0,0,0,0,0
2020-07-30,Macau Ferry Terminal,0,0,0,0,0,0,0,0
2020-07-30,Tuen Mun Ferry Terminal,0,0,0,0,0,0,0,0
2020-07-31,Airport,568,3,65,636,1681,57,98,1836
2020-07-31,Express Rail Link West Kowloon,0,0,0,0,0,0,0,0
2020-07-31,Hung Hom,0,0,0,0,0,0,0,0
2020-07-31,Lo Wu,0,0,0,0,0,0,0,0
2020-07-31,Lok Ma Chau Spur Line,0,0,0,0,0,0,0,0
2020-07-31,Hong Kong-Zhuhai-Macao Bridge,56,1,4,61,288,14,5,307
2020-07-31,Lok Ma Chau,0,0,0,0,0,0,0,0
2020-07-31,Man Kam To,0,0,0,0,0,0,0,0
2020-07-31,Sha Tau Kok,0,0,0,0,0,0,0,0
2020-07-31,Shenzhen Bay,359,39,4,402,2336,301,4,2641
2020-07-31,China Ferry Terminal,0,0,0,0,0,0,0,0
2020-07-31,Harbour Control,0,0,0,0,0,0,0,0
2020-07-31,Kai Tak Cruise Terminal,0,0,0,0,0,0,0,0
2020-07-31,Macau Ferry Terminal,0,0,0,0,0,0,0,0
2020-07-31,Tuen Mun Ferry Terminal,0,0,0,0,0,0,0,0
2020-08-01,Airport,571,5,11,587,1800,80,82,1962
2020-08-01,Express Rail Link West Kowloon,0,0,0,0,0,0,0,0
2020-08-01,Hung Hom,0,0,0,0,0,0,0,0
2020-08-01,Lo Wu,0,0,0,0,0,0,0,0
2020-08-01,Lok Ma Chau Spur Line,0,0,0,0,0,0,0,0
2020-08-01,Hong Kong-Zhuhai-Macao Bridge,29,1,4,34,242,21,4,267
2020-08-01,Lok Ma Chau,0,0,0,0,0,0,0,0
2020-08-01,Man Kam To,0,0,0,0,0,0,0,0
2020-08-01,Sha Tau Kok,0,0,0,0,0,0,0,0
2020-08-01,Shenzhen Bay,350,50,4,404,1861,219,10,2090
2020-08-01,China Ferry Terminal,0,0,0,0,0,0,0,0
2020-08-01,Harbour Control,0,0,0,0,0,0,0,0
2020-08-01,Kai Tak Cruise Terminal,0,0,0,0,0,0,0,0
2020-08-01,Macau Ferry Terminal,0,0,0,0,0,0,0,0
2020-08-01,Tuen Mun Ferry Terminal,0,0,0,0,0,0,0,0
2020-08-02,Airport,674,3,46,723,1663,59,96,1818
2020-08-02,Express Rail Link West Kowloon,0,0,0,0,0,0,0,0
2020-08-02,Hung Hom,0,0,0,0,0,0,0,0
2020-08-02,Lo Wu,0,0,0,0,0,0,0,0
2020-08-02,Lok Ma Chau Spur Line,0,0,0,0,0,0,0,0
2020-08-02,Hong Kong-Zhuhai-Macao Bridge,32,2,8,42,233,19,0,252
2020-08-02,Lok Ma Chau,0,0,0,0,0,0,0,0
2020-08-02,Man Kam To,0,0,0,0,0,0,0,0
2020-08-02,Sha Tau Kok,0,0,0,0,0,0,0,0
2020-08-02,Shenzhen Bay,338,29,5,372,1032,106,4,1142
2020-08-02,China Ferry Terminal,0,0,0,0,0,0,0,0
2020-08-02,Harbour Control,0,0,0,0,0,0,0,0
2020-08-02,Kai Tak Cruise Terminal,0,0,0,0,0,0,0,0
2020-08-02,Macau Ferry Terminal,0,0,0,0,0,0,0,0
2020-08-02,Tuen Mun Ferry Terminal,0,0,0,0,0,0,0,0
2020-08-03,Airport,416,2,14,432,883,24,112,1019
2020-08-03,Express Rail Link West Kowloon,0,0,0,0,0,0,0,0
2020-08-03,Hung Hom,0,0,0,0,0,0,0,0
2020-08-03,Lo Wu,0,0,0,0,0,0,0,0
2020-08-03,Lok Ma Chau Spur Line,0,0,0,0,0,0,0,0
2020-08-03,Hong Kong-Zhuhai-Macao Bridge,28,4,11,43,157,4,2,163
2020-08-03,Lok Ma Chau,0,0,0,0,0,0,0,0
2020-08-03,Man Kam To,0,0,0,0,0,0,0,0
2020-08-03,Sha Tau Kok,0,0,0,0,0,0,0,0
2020-08-03,Shenzhen Bay,428,22,9,459,498,61,1,560
2020-08-03,China Ferry Terminal,0,0,0,0,0,0,0,0
2020-08-03,Harbour Control,0,0,0,0,0,0,0,0
2020-08-03,Kai Tak Cruise Terminal,0,0,0,0,0,0,0,0
2020-08-03,Macau Ferry Terminal,0,0,0,0,0,0,0,0
2020-08-03,Tuen Mun Ferry Terminal,0,0,0,0,0,0,0,0
2020-08-04,Airport,693,3,34,730,1440,61,91,1592
2020-08-04,Express Rail Link West Kowloon,0,0,0,0,0,0,0,0
2020-08-04,Hung Hom,0,0,0,0,0,0,0,0
2020-08-04,Lo Wu,0,0,0,0,0,0,0,0
2020-08-04,Lok Ma Chau Spur Line,0,0,0,0,0,0,0,0
2020-08-04,Hong Kong-Zhuhai-Macao Bridge,29,2,5,36,188,21,7,216
2020-08-04,Lok Ma Chau,0,0,0,0,0,0,0,0
2020-08-04,Man Kam To,0,0,0,0,0,0,0,0
2020-08-04,Sha Tau Kok,0,0,0,0,0,0,0,0
2020-08-04,Shenzhen Bay,312,30,6,348,939,103,6,1048
2020-08-04,China Ferry Terminal,0,0,0,0,0,0,0,0
2020-08-04,Harbour Control,0,0,0,0,0,0,0,0
2020-08-04,Kai Tak Cruise Terminal,0,0,0,0,0,0,0,0
2020-08-04,Macau Ferry Terminal,0,0,0,0,0,0,0,0
2020-08-04,Tuen Mun Ferry Terminal,0,0,0,0,0,0,0,0
2020-08-05,Airport,683,3,40,726,857,27,42,926
2020-08-05,Express Rail Link West Kowloon,0,0,0,0,0,0,0,0
2020-08-05,Hung Hom,0,0,0,0,0,0,0,0
2020-08-05,Lo Wu,0,0,0,0,0,0,0,0
2020-08-05,Lok Ma Chau Spur Line,0,0,0,0,0,0,0,0
2020-08-05,Hong Kong-Zhuhai-Macao Bridge,31,0,8,39,255,14,10,279
2020-08-05,Lok Ma Chau,0,0,0,0,0,0,0,0
2020-08-05,Man Kam To,0,0,0,0,0,0,0,0
2020-08-05,Sha Tau Kok,0,0,0,0,0,0,0,0
2020-08-05,Shenzhen Bay,301,29,6,336,1832,226,6,2064
2020-08-05,China Ferry Terminal,0,0,0,0,0,0,0,0
2020-08-05,Harbour Control,0,0,0,0,0,0,0,0
2020-08-05,Kai Tak Cruise Terminal,0,0,0,0,0,0,0,0
2020-08-05,Macau Ferry Terminal,0,0,0,0,0,0,0,0
2020-08-05,Tuen Mun Ferry Terminal,0,0,0,0,0,0,0,0
2020-08-06,Airport,373,3,20,396,1195,32,99,1326
2020-08-06,Express Rail Link West Kowloon,0,0,0,0,0,0,0,0
2020-08-06,Hung Hom,0,0,0,0,0,0,0,0
2020-08-06,Lo Wu,0,0,0,0,0,0,0,0
2020-08-06,Lok Ma Chau Spur Line,0,0,0,0,0,0,0,0
2020-08-06,Hong Kong-Zhuhai-Macao Bridge,41,2,5,48,284,14,7,305
2020-08-06,Lok Ma Chau,0,0,0,0,0,0,0,0
2020-08-06,Man Kam To,0,0,0,0,0,0,0,0
2020-08-06,Sha Tau Kok,0,0,0,0,0,0,0,0
2020-08-06,Shenzhen Bay,347,37,2,386,2262,302,5,2569
2020-08-06,China Ferry Terminal,0,0,0,0,0,0,0,0
2020-08-06,Harbour Control,0,0,0,0,0,0,0,0
2020-08-06,Kai Tak Cruise Terminal,0,0,0,0,0,0,0,0
2020-08-06,Macau Ferry Terminal,0,0,0,0,0,0,0,0
2020-08-06,Tuen Mun Ferry Terminal,0,0,0,0,0,0,0,0
2020-08-07,Airport,672,5,46,723,1312,32,117,1461
2020-08-07,Express Rail Link West Kowloon,0,0,0,0,0,0,0,0
2020-08-07,Hung Hom,0,0,0,0,0,0,0,0
2020-08-07,Lo Wu,0,0,0,0,0,0,0,0
2020-08-07,Lok Ma Chau Spur Line,0,0,0,0,0,0,0,0
2020-08-07,Hong Kong-Zhuhai-Macao Bridge,26,1,10,37,149,12,8,169
2020-08-07,Lok Ma Chau,0,0,0,0,0,0,0,0
2020-08-07,Man Kam To,0,0,0,0,0,0,0,0
2020-08-07,Sha Tau Kok,0,0,0,0,0,0,0,0
2020-08-07,Shenzhen Bay,411,32,6,449,931,108,2,1041
2020-08-07,China Ferry Terminal,0,0,0,0,0,0,0,0
2020-08-07,Harbour Control,0,0,0,0,0,0,0,0
2020-08-07,Kai Tak Cruise Terminal,0,0,0,0,0,0,0,0
2020-08-07,Macau Ferry Terminal,0,0,0,0,0,0,0,0
2020-08-07,Tuen Mun Ferry Terminal,0,0,0,0,0,0,0,0
2020-08-08,Airport,646,5,22,673,1594,65,56,1715
2020-08-08,Express Rail Link West Kowloon,0,0,0,0,0,0,0,0
2020-08-08,Hung Hom,0,0,0,0,0,0,0,0
2020-08-08,Lo Wu,0,0,0,0,0,0,0,0
2020-08-08,Lok Ma Chau Spur Line,0,0,0,0,0,0,0,0
2020-08-08,Hong Kong-Zhuhai-Macao Bridge,38,3,5,46,181,15,4,200
2020-08-08,Lok Ma Chau,0,0,0,0,0,0,0,0
2020-08-08,Man Kam To,0,0,0,0,0,0,0,0
2020-08-08,Sha Tau Kok,0,0,0,0,0,0,0,0
2020-08-08,Shenzhen Bay,370,51,7,428,852,105,1,958
2020-08-08,China Ferry Terminal,0,0,0,0,0,0,0,0
2020-08-08,Harbour Control,0,0,0,0,0,0,0,0
2020-08-08,Kai Tak Cruise Terminal,0,0,0,0,0,0,0,0
2020-08-08,Macau Ferry Terminal,0,0,0,0,0,0,0,0
2020-08-08,Tuen Mun Ferry Terminal,0,0,0,0,0,0,0,0
2020-08-09,Airport,621,10,28,659,1522,47,84,1653
2020-08-09,Express Rail Link West Kowloon,0,0,0,0,0,0,0,0
2020-08-09,Hung Hom,0,0,0,0,0,0,0,0
2020-08-09,Lo Wu,0,0,0,0,0,0,0,0
2020-08-09,Lok Ma Chau Spur Line,0,0,0,0,0,0,0,0
2020-08-09,Hong Kong-Zhuhai-Macao Bridge,42,4,6,52,113,6,3,122
2020-08-09,Lok Ma Chau,0,0,0,0,0,0,0,0
2020-08-09,Man Kam To,0,0,0,0,0,0,0,0
2020-08-09,Sha Tau Kok,0,0,0,0,0,0,0,0
2020-08-09,Shenzhen Bay,415,37,1,453,646,78,2,726
2020-08-09,China Ferry Terminal,0,0,0,0,0,0,0,0
2020-08-09,Harbour Control,0,0,0,0,0,0,0,0
2020-08-09,Kai Tak Cruise Terminal,0,0,0,0,0,0,0,0
2020-08-09,Macau Ferry Terminal,0,0,0,0,0,0,0,0
2020-08-09,Tuen Mun Ferry Terminal,0,0,0,0,0,0,0,0
2020-08-10,Airport,528,10,22,560,749,19,78,846
2020-08-10,Express Rail Link West Kowloon,0,0,0,0,0,0,0,0
2020-08-10,Hung Hom,0,0,0,0,0,0,0,0
2020-08-10,Lo Wu,0,0,0,0,0,0,0,0
2020-08-10,Lok Ma Chau Spur Line,0,0,0,0,0,0,0,0
2020-08-10,Hong Kong-Zhuhai-Macao Bridge,33,3,7,43,98,3,4,105
2020-08-10,Lok Ma Chau,0,0,0,0,0,0,0,0
2020-08-10,Man Kam To,0,0,0,0,0,0,0,0
2020-08-10,Sha Tau Kok,0,0,0,0,0,0,0,0
2020-08-10,Shenzhen Bay,530,43,2,575,500,49,1,550
2020-08-10,China Ferry Terminal,0,0,0,0,0,0,0,0
2020-08-10,Harbour Control,0,0,0,0,0,0,0,0
2020-08-10,Kai Tak Cruise Terminal,0,0,0,0,0,0,0,0
2020-08-10,Macau Ferry Terminal,0,0,0,0,0,0,0,0
2020-08-10,Tuen Mun Ferry Terminal,0,0,0,0,0,0,0,0
2020-08-11,Airport,798,2,33,833,988,23,57,1068
2020-08-11,Express Rail Link West Kowloon,0,0,0,0,0,0,0,0
2020-08-11,Hung Hom,0,0,0,0,0,0,0,0
2020-08-11,Lo Wu,0,0,0,0,0,0,0,0
2020-08-11,Lok Ma Chau Spur Line,0,0,0,0,0,0,0,0
2020-08-11,Hong Kong-Zhuhai-Macao Bridge,23,1,2,26,167,4,3,174
2020-08-11,Lok Ma Chau,0,0,0,0,0,0,0,0
2020-08-11,Man Kam To,0,0,0,0,0,0,0,0
2020-08-11,Sha Tau Kok,0,0,0,0,0,0,0,0
2020-08-11,Shenzhen Bay,383,44,3,430,884,111,4,999
2020-08-11,China Ferry Terminal,0,0,0,0,0,0,0,0
2020-08-11,Harbour Control,0,0,0,0,0,0,0,0
2020-08-11,Kai Tak Cruise Terminal,0,0,0,0,0,0,0,0
2020-08-11,Macau Ferry Terminal,0,0,0,0,0,0,0,0
2020-08-11,Tuen Mun Ferry Terminal,0,0,0,0,0,0,0,0
2020-08-12,Airport,388,7,21,416,922,24,43,989
2020-08-12,Express Rail Link West Kowloon,0,0,0,0,0,0,0,0
2020-08-12,Hung Hom,0,0,0,0,0,0,0,0
2020-08-12,Lo Wu,0,0,0,0,0,0,0,0
2020-08-12,Lok Ma Chau Spur Line,0,0,0,0,0,0,0,0
2020-08-12,Hong Kong-Zhuhai-Macao Bridge,40,0,5,45,203,23,3,229
2020-08-12,Lok Ma Chau,0,0,0,0,0,0,0,0
2020-08-12,Man Kam To,0,0,0,0,0,0,0,0
2020-08-12,Sha Tau Kok,0,0,0,0,0,0,0,0
2020-08-12,Shenzhen Bay,504,51,8,563,1062,169,4,1235
2020-08-12,China Ferry Terminal,0,0,0,0,0,0,0,0
2020-08-12,Harbour Control,0,0,0,0,0,0,0,0
2020-08-12,Kai Tak Cruise Terminal,0,0,0,0,0,0,0,0
2020-08-12,Macau Ferry Terminal,0,0,0,0,0,0,0,0
2020-08-12,Tuen Mun Ferry Terminal,0,0,0,0,0,0,0,0
2020-08-13,Airport,532,2,16,550,1179,15,61,1255
2020-08-13,Express Rail Link West Kowloon,0,0,0,0,0,0,0,0
2020-08-13,Hung Hom,0,0,0,0,0,0,0,0
2020-08-13,Lo Wu,0,0,0,0,0,0,0,0
2020-08-13,Lok Ma Chau Spur Line,0,0,0,0,0,0,0,0
2020-08-13,Hong Kong-Zhuhai-Macao Bridge,38,3,6,47,194,10,5,209
2020-08-13,Lok Ma Chau,0,0,0,0,0,0,0,0
2020-08-13,Man Kam To,0,0,0,0,0,0,0,0
2020-08-13,Sha Tau Kok,0,0,0,0,0,0,0,0
2020-08-13,Shenzhen Bay,571,53,3,627,1035,156,4,1195
2020-08-13,China Ferry Terminal,0,0,0,0,0,0,0,0
2020-08-13,Harbour Control,0,0,0,0,0,0,0,0
2020-08-13,Kai Tak Cruise Terminal,0,0,0,0,0,0,0,0
2020-08-13,Macau Ferry Terminal,0,0,0,0,0,0,0,0
2020-08-13,Tuen Mun Ferry Terminal,0,0,0,0,0,0,0,0
2020-08-14,Airport,793,3,49,845,1565,23,88,1676
2020-08-14,Express Rail Link West Kowloon,0,0,0,0,0,0,0,0
2020-08-14,Hung Hom,0,0,0,0,0,0,0,0
2020-08-14,Lo Wu,0,0,0,0,0,0,0,0
2020-08-14,Lok Ma Chau Spur Line,0,0,0,0,0,0,0,0
2020-08-14,Hong Kong-Zhuhai-Macao Bridge,51,1,7,59,188,7,7,202
2020-08-14,Lok Ma Chau,0,0,0,0,0,0,0,0
2020-08-14,Man Kam To,0,0,0,0,0,0,0,0
2020-08-14,Sha Tau Kok,0,0,0,0,0,0,0,0
2020-08-14,Shenzhen Bay,500,48,2,550,880,85,5,970
2020-08-14,China Ferry Terminal,0,0,0,0,0,0,0,0
2020-08-14,Harbour Control,0,0,0,0,0,0,0,0
2020-08-14,Kai Tak Cruise Terminal,0,0,0,0,0,0,0,0
2020-08-14,Macau Ferry Terminal,0,0,0,0,0,0,0,0
2020-08-14,Tuen Mun Ferry Terminal,0,0,0,0,0,0,0,0
2020-08-15,Airport,745,5,39,789,1636,44,195,1875
2020-08-15,Express Rail Link West Kowloon,0,0,0,0,0,0,0,0
2020-08-15,Hung Hom,0,0,0,0,0,0,0,0
2020-08-15,Lo Wu,0,0,0,0,0,0,0,0
2020-08-15,Lok Ma Chau Spur Line,0,0,0,0,0,0,0,0
2020-08-15,Hong Kong-Zhuhai-Macao Bridge,46,9,33,88,152,6,4,162
2020-08-15,Lok Ma Chau,0,0,0,0,0,0,0,0
2020-08-15,Man Kam To,0,0,0,0,0,0,0,0
2020-08-15,Sha Tau Kok,0,0,0,0,0,0,0,0
2020-08-15,Shenzhen Bay,629,76,6,711,774,108,7,889
2020-08-15,China Ferry Terminal,0,0,0,0,0,0,0,0
2020-08-15,Harbour Control,0,0,0,0,0,0,0,0
2020-08-15,Kai Tak Cruise Terminal,0,0,0,0,0,0,0,0
2020-08-15,Macau Ferry Terminal,0,0,0,0,0,0,0,0
2020-08-15,Tuen Mun Ferry Terminal,0,0,0,0,0,0,0,0
2020-08-16,Airport,786,11,21,818,1595,35,74,1704
2020-08-16,Express Rail Link West Kowloon,0,0,0,0,0,0,0,0
2020-08-16,Hung Hom,0,0,0,0,0,0,0,0
2020-08-16,Lo Wu,0,0,0,0,0,0,0,0
2020-08-16,Lok Ma Chau Spur Line,0,0,0,0,0,0,0,0
2020-08-16,Hong Kong-Zhuhai-Macao Bridge,51,3,1,55,113,7,6,126
2020-08-16,Lok Ma Chau,0,0,0,0,0,0,0,0
2020-08-16,Man Kam To,0,0,0,0,0,0,0,0
2020-08-16,Sha Tau Kok,0,0,0,0,0,0,0,0
2020-08-16,Shenzhen Bay,699,57,6,762,659,69,2,730
2020-08-16,China Ferry Terminal,0,0,0,0,0,0,0,0
2020-08-16,Harbour Control,0,0,0,0,0,0,0,0
2020-08-16,Kai Tak Cruise Terminal,0,0,0,0,0,0,0,0
2020-08-16,Macau Ferry Terminal,0,0,0,0,0,0,0,0
2020-08-16,Tuen Mun Ferry Terminal,0,0,0,0,0,0,0,0
2020-08-17,Airport,690,6,22,718,913,15,32,960
2020-08-17,Express Rail Link West Kowloon,0,0,0,0,0,0,0,0
2020-08-17,Hung Hom,0,0,0,0,0,0,0,0
2020-08-17,Lo Wu,0,0,0,0,0,0,0,0
2020-08-17,Lok Ma Chau Spur Line,0,0,0,0,0,0,0,0
2020-08-17,Hong Kong-Zhuhai-Macao Bridge,48,0,7,55,96,5,3,104
2020-08-17,Lok Ma Chau,0,0,0,0,0,0,0,0
2020-08-17,Man Kam To,0,0,0,0,0,0,0,0
2020-08-17,Sha Tau Kok,0,0,0,0,0,0,0,0
2020-08-17,Shenzhen Bay,710,71,1,782,443,46,1,490
2020-08-17,China Ferry Terminal,0,0,0,0,0,0,0,0
2020-08-17,Harbour Control,0,0,0,0,0,0,0,0
2020-08-17,Kai Tak Cruise Terminal,0,0,0,0,0,0,0,0
2020-08-17,Macau Ferry Terminal,0,0,0,0,0,0,0,0
2020-08-17,Tuen Mun Ferry Terminal,0,0,0,0,0,0,0,0
2020-08-18,Airport,435,0,14,449,1253,19,48,1320
2020-08-18,Express Rail Link West Kowloon,0,0,0,0,0,0,0,0
2020-08-18,Hung Hom,0,0,0,0,0,0,0,0
2020-08-18,Lo Wu,0,0,0,0,0,0,0,0
2020-08-18,Lok Ma Chau Spur Line,0,0,0,0,0,0,0,0
2020-08-18,Hong Kong-Zhuhai-Macao Bridge,57,1,7,65,150,10,8,168
2020-08-18,Lok Ma Chau,0,0,0,0,0,0,0,0
2020-08-18,Man Kam To,0,0,0,0,0,0,0,0
2020-08-18,Sha Tau Kok,0,0,0,0,0,0,0,0
2020-08-18,Shenzhen Bay,673,49,2,724,782,78,3,863
2020-08-18,China Ferry Terminal,0,0,0,0,0,0,0,0
2020-08-18,Harbour Control,0,0,0,0,0,0,0,0
2020-08-18,Kai Tak Cruise Terminal,0,0,0,0,0,0,0,0
2020-08-18,Macau Ferry Terminal,0,0,0,0,0,0,0,0
2020-08-18,Tuen Mun Ferry Terminal,0,0,0,0,0,0,0,0
2020-08-19,Airport,501,1,21,523,870,10,33,913
2020-08-19,Express Rail Link West Kowloon,0,0,0,0,0,0,0,0
2020-08-19,Hung Hom,0,0,0,0,0,0,0,0
2020-08-19,Lo Wu,0,0,0,0,0,0,0,0
2020-08-19,Lok Ma Chau Spur Line,0,0,0,0,0,0,0,0
2020-08-19,Hong Kong-Zhuhai-Macao Bridge,17,0,2,19,79,3,1,83
2020-08-19,Lok Ma Chau,0,0,0,0,0,0,0,0
2020-08-19,Man Kam To,0,0,0,0,0,0,0,0
2020-08-19,Sha Tau Kok,0,0,0,0,0,0,0,0
2020-08-19,Shenzhen Bay,359,27,5,391,806,111,1,918
2020-08-19,China Ferry Terminal,0,0,0,0,0,0,0,0
2020-08-19,Harbour Control,0,0,0,0,0,0,0,0
2020-08-19,Kai Tak Cruise Terminal,0,0,0,0,0,0,0,0
2020-08-19,Macau Ferry Terminal,0,0,0,0,0,0,0,0
2020-08-19,Tuen Mun Ferry Terminal,0,0,0,0,0,0,0,0
2020-08-20,Airport,712,1,29,742,1260,6,54,1320
2020-08-20,Express Rail Link West Kowloon,0,0,0,0,0,0,0,0
2020-08-20,Hung Hom,0,0,0,0,0,0,0,0
2020-08-20,Lo Wu,0,0,0,0,0,0,0,0
2020-08-20,Lok Ma Chau Spur Line,0,0,0,0,0,0,0,0
2020-08-20,Hong Kong-Zhuhai-Macao Bridge,43,2,12,57,142,3,6,151
2020-08-20,Lok Ma Chau,0,0,0,0,0,0,0,0
2020-08-20,Man Kam To,0,0,0,0,0,0,0,0
2020-08-20,Sha Tau Kok,0,0,0,0,0,0,0,0
2020-08-20,Shenzhen Bay,605,84,2,691,741,98,5,844
2020-08-20,China Ferry Terminal,0,0,0,0,0,0,0,0
2020-08-20,Harbour Control,0,0,0,0,0,0,0,0
2020-08-20,Kai Tak Cruise Terminal,0,0,0,0,0,0,0,0
2020-08-20,Macau Ferry Terminal,0,0,0,0,0,0,0,0
2020-08-20,Tuen Mun Ferry Terminal,0,0,0,0,0,0,0,0
2020-08-21,Airport,722,10,25,757,1681,27,184,1892
2020-08-21,Express Rail Link West Kowloon,0,0,0,0,0,0,0,0
2020-08-21,Hung Hom,0,0,0,0,0,0,0,0
2020-08-21,Lo Wu,0,0,0,0,0,0,0,0
2020-08-21,Lok Ma Chau Spur Line,0,0,0,0,0,0,0,0
2020-08-21,Hong Kong-Zhuhai-Macao Bridge,54,3,89,146,164,7,5,176
2020-08-21,Lok Ma Chau,0,0,0,0,0,0,0,0
2020-08-21,Man Kam To,0,0,0,0,0,0,0,0
2020-08-21,Sha Tau Kok,0,0,0,0,0,0,0,0
2020-08-21,Shenzhen Bay,612,56,3,671,715,75,3,793
2020-08-21,China Ferry Terminal,0,0,0,0,0,0,0,0
2020-08-21,Harbour Control,0,0,0,0,0,0,0,0
2020-08-21,Kai Tak Cruise Terminal,0,0,0,0,0,0,0,0
2020-08-21,Macau Ferry Terminal,0,0,0,0,0,0,0,0
2020-08-21,Tuen Mun Ferry Terminal,0,0,0,0,0,0,0,0
2020-08-22,Airport,570,1,12,583,1530,26,48,1604
2020-08-22,Express Rail Link West Kowloon,0,0,0,0,0,0,0,0
2020-08-22,Hung Hom,0,0,0,0,0,0,0,0
2020-08-22,Lo Wu,0,0,0,0,0,0,0,0
2020-08-22,Lok Ma Chau Spur Line,0,0,0,0,0,0,0,0
2020-08-22,Hong Kong-Zhuhai-Macao Bridge,41,4,5,50,182,5,9,196
2020-08-22,Lok Ma Chau,0,0,0,0,0,0,0,0
2020-08-22,Man Kam To,0,0,0,0,0,0,0,0
2020-08-22,Sha Tau Kok,0,0,0,0,0,0,0,0
2020-08-22,Shenzhen Bay,502,78,3,583,801,108,1,910
2020-08-22,China Ferry Terminal,0,0,0,0,0,0,0,0
2020-08-22,Harbour Control,0,0,0,0,0,0,0,0
2020-08-22,Kai Tak Cruise Terminal,0,0,0,0,0,0,0,0
2020-08-22,Macau Ferry Terminal,0,0,0,0,0,0,0,0
2020-08-22,Tuen Mun Ferry Terminal,0,0,0,0,0,0,0,0
2020-08-23,Airport,865,10,48,923,1790,27,60,1877
2020-08-23,Express Rail Link West Kowloon,0,0,0,0,0,0,0,0
2020-08-23,Hung Hom,0,0,0,0,0,0,0,0
2020-08-23,Lo Wu,0,0,0,0,0,0,0,0
2020-08-23,Lok Ma Chau Spur Line,0,0,0,0,0,0,0,0
2020-08-23,Hong Kong-Zhuhai-Macao Bridge,52,1,0,53,117,8,1,126
2020-08-23,Lok Ma Chau,0,0,0,0,0,0,0,0
2020-08-23,Man Kam To,0,0,0,0,0,0,0,0
2020-08-23,Sha Tau Kok,0,0,0,0,0,0,0,0
2020-08-23,Shenzhen Bay,634,68,8,710,458,58,3,519
2020-08-23,China Ferry Terminal,0,0,0,0,0,0,0,0
2020-08-23,Harbour Control,0,0,0,0,0,0,0,0
2020-08-23,Kai Tak Cruise Terminal,0,0,0,0,0,0,0,0
2020-08-23,Macau Ferry Terminal,0,0,0,0,0,0,0,0
2020-08-23,Tuen Mun Ferry Terminal,0,0,0,0,0,0,0,0
2020-08-24,Airport,611,8,9,628,1045,22,81,1148
2020-08-24,Express Rail Link West Kowloon,0,0,0,0,0,0,0,0
2020-08-24,Hung Hom,0,0,0,0,0,0,0,0
2020-08-24,Lo Wu,0,0,0,0,0,0,0,0
2020-08-24,Lok Ma Chau Spur Line,0,0,0,0,0,0,0,0
2020-08-24,Hong Kong-Zhuhai-Macao Bridge,46,1,2,49,84,6,8,98
2020-08-24,Lok Ma Chau,0,0,0,0,0,0,0,0
2020-08-24,Man Kam To,0,0,0,0,0,0,0,0
2020-08-24,Sha Tau Kok,0,0,0,0,0,0,0,0
2020-08-24,Shenzhen Bay,614,47,5,666,395,48,3,446
2020-08-24,China Ferry Terminal,0,0,0,0,0,0,0,0
2020-08-24,Harbour Control,0,0,0,0,0,0,0,0
2020-08-24,Kai Tak Cruise Terminal,0,0,0,0,0,0,0,0
2020-08-24,Macau Ferry Terminal,0,0,0,0,0,0,0,0
2020-08-24,Tuen Mun Ferry Terminal,0,0,0,0,0,0,0,0
2020-08-25,Airport,433,9,10,452,1498,19,91,1608
2020-08-25,Express Rail Link West Kowloon,0,0,0,0,0,0,0,0
2020-08-25,Hung Hom,0,0,0,0,0,0,0,0
2020-08-25,Lo Wu,0,0,0,0,0,0,0,0
2020-08-25,Lok Ma Chau Spur Line,0,0,0,0,0,0,0,0
2020-08-25,Hong Kong-Zhuhai-Macao Bridge,55,4,3,62,131,7,6,144
2020-08-25,Lok Ma Chau,0,0,0,0,0,0,0,0
2020-08-25,Man Kam To,0,0,0,0,0,0,0,0
2020-08-25,Sha Tau Kok,0,0,0,0,0,0,0,0
2020-08-25,Shenzhen Bay,588,61,4,653,610,59,6,675
2020-08-25,China Ferry Terminal,0,0,0,0,0,0,0,0
2020-08-25,Harbour Control,0,0,0,0,0,0,0,0
2020-08-25,Kai Tak Cruise Terminal,0,0,0,0,0,0,0,0
2020-08-25,Macau Ferry Terminal,0,0,0,0,0,0,0,0
2020-08-25,Tuen Mun Ferry Terminal,0,0,0,0,0,0,0,0
2020-08-26,Airport,588,2,30,620,1002,10,56,1068
2020-08-26,Express Rail Link West Kowloon,0,0,0,0,0,0,0,0
2020-08-26,Hung Hom,0,0,0,0,0,0,0,0
2020-08-26,Lo Wu,0,0,0,0,0,0,0,0
2020-08-26,Lok Ma Chau Spur Line,0,0,0,0,0,0,0,0
2020-08-26,Heung Yuen Wai,0,0,0,0,0,0,0,0
2020-08-26,Hong Kong-Zhuhai-Macao Bridge,59,2,3,64,162,10,2,174
2020-08-26,Lok Ma Chau,0,0,0,0,0,0,0,0
2020-08-26,Man Kam To,0,0,0,0,0,0,0,0
2020-08-26,Sha Tau Kok,0,0,0,0,0,0,0,0
2020-08-26,Shenzhen Bay,658,61,2,721,771,84,4,859
2020-08-26,China Ferry Terminal,0,0,0,0,0,0,0,0
2020-08-26,Harbour Control,0,0,0,0,0,0,0,0
2020-08-26,Kai Tak Cruise Terminal,0,0,0,0,0,0,0,0
2020-08-26,Macau Ferry Terminal,0,0,0,0,0,0,0,0
2020-08-26,Tuen Mun Ferry Terminal,0,0,0,0,0,0,0,0
2020-08-27,Airport,628,4,13,645,1292,3,49,1344
2020-08-27,Express Rail Link West Kowloon,0,0,0,0,0,0,0,0
2020-08-27,Hung Hom,0,0,0,0,0,0,0,0
2020-08-27,Lo Wu,0,0,0,0,0,0,0,0
2020-08-27,Lok Ma Chau Spur Line,0,0,0,0,0,0,0,0
2020-08-27,Heung Yuen Wai,0,0,0,0,0,0,0,0
2020-08-27,Hong Kong-Zhuhai-Macao Bridge,67,1,2,70,125,12,6,143
2020-08-27,Lok Ma Chau,0,0,0,0,0,0,0,0
2020-08-27,Man Kam To,0,0,0,0,0,0,0,0
2020-08-27,Sha Tau Kok,0,0,0,0,0,0,0,0
2020-08-27,Shenzhen Bay,587,70,4,661,716,67,3,786
2020-08-27,China Ferry Terminal,0,0,0,0,0,0,0,0
2020-08-27,Harbour Control,0,0,0,0,0,0,0,0
2020-08-27,Kai Tak Cruise Terminal,0,0,0,0,0,0,0,0
2020-08-27,Macau Ferry Terminal,0,0,0,0,0,0,0,0
2020-08-27,Tuen Mun Ferry Terminal,0,0,0,0,0,0,0,0
2020-08-28,Airport,795,9,35,839,1624,13,82,1719
2020-08-28,Express Rail Link West Kowloon,0,0,0,0,0,0,0,0
2020-08-28,Hung Hom,0,0,0,0,0,0,0,0
2020-08-28,Lo Wu,0,0,0,0,0,0,0,0
2020-08-28,Lok Ma Chau Spur Line,0,0,0,0,0,0,0,0
2020-08-28,Heung Yuen Wai,0,0,0,0,0,0,0,0
2020-08-28,Hong Kong-Zhuhai-Macao Bridge,64,1,1,66,118,4,11,133
2020-08-28,Lok Ma Chau,0,0,0,0,0,0,0,0
2020-08-28,Man Kam To,0,0,0,0,0,0,0,0
2020-08-28,Sha Tau Kok,0,0,0,0,0,0,0,0
2020-08-28,Shenzhen Bay,867,88,8,963,562,75,4,641
2020-08-28,China Ferry Terminal,0,0,0,0,0,0,0,0
2020-08-28,Harbour Control,0,0,0,0,0,0,0,0
2020-08-28,Kai Tak Cruise Terminal,0,0,0,0,0,0,0,0
2020-08-28,Macau Ferry Terminal,0,0,0,0,0,0,0,0
2020-08-28,Tuen Mun Ferry Terminal,0,0,0,0,0,0,0,0
2020-08-29,Airport,805,4,17,826,1912,42,224,2178
2020-08-29,Express Rail Link West Kowloon,0,0,0,0,0,0,0,0
2020-08-29,Hung Hom,0,0,0,0,0,0,0,0
2020-08-29,Lo Wu,0,0,0,0,0,0,0,0
2020-08-29,Lok Ma Chau Spur Line,0,0,0,0,0,0,0,0
2020-08-29,Heung Yuen Wai,0,0,0,0,0,0,0,0
2020-08-29,Hong Kong-Zhuhai-Macao Bridge,68,3,13,84,132,11,9,152
2020-08-29,Lok Ma Chau,0,0,0,0,0,0,0,0
2020-08-29,Man Kam To,0,0,0,0,0,0,0,0
2020-08-29,Sha Tau Kok,0,0,0,0,0,0,0,0
2020-08-29,Shenzhen Bay,755,95,2,852,452,53,2,507
2020-08-29,China Ferry Terminal,0,0,0,0,0,0,0,0
2020-08-29,Harbour Control,0,0,0,0,0,0,0,0
2020-08-29,Kai Tak Cruise Terminal,0,0,0,0,0,0,0,0
2020-08-29,Macau Ferry Terminal,0,0,0,0,0,0,0,0
2020-08-29,Tuen Mun Ferry Terminal,0,0,0,0,0,0,0,0
2020-08-30,Airport,1031,9,32,1072,1645,10,57,1712
2020-08-30,Express Rail Link West Kowloon,0,0,0,0,0,0,0,0
2020-08-30,Hung Hom,0,0,0,0,0,0,0,0
2020-08-30,Lo Wu,0,0,0,0,0,0,0,0
2020-08-30,Lok Ma Chau Spur Line,0,0,0,0,0,0,0,0
2020-08-30,Heung Yuen Wai,0,0,0,0,0,0,0,0
2020-08-30,Hong Kong-Zhuhai-Macao Bridge,87,6,4,97,78,4,5,87
2020-08-30,Lok Ma Chau,0,0,0,0,0,0,0,0
2020-08-30,Man Kam To,0,0,0,0,0,0,0,0
2020-08-30,Sha Tau Kok,0,0,0,0,0,0,0,0
2020-08-30,Shenzhen Bay,1160,113,1,1274,377,39,1,417
2020-08-30,China Ferry Terminal,0,0,0,0,0,0,0,0
2020-08-30,Harbour Control,0,0,0,0,0,0,0,0
2020-08-30,Kai Tak Cruise Terminal,0,0,0,0,0,0,0,0
2020-08-30,Macau Ferry Terminal,0,0,0,0,0,0,0,0
2020-08-30,Tuen Mun Ferry Terminal,0,0,0,0,0,0,0,0
2020-08-31,Airport,616,2,14,632,1921,6,40,1967
2020-08-31,Express Rail Link West Kowloon,0,0,0,0,0,0,0,0
2020-08-31,Hung Hom,0,0,0,0,0,0,0,0
2020-08-31,Lo Wu,0,0,0,0,0,0,0,0
2020-08-31,Lok Ma Chau Spur Line,0,0,0,0,0,0,0,0
2020-08-31,Heung Yuen Wai,0,0,0,0,0,0,0,0
2020-08-31,Hong Kong-Zhuhai-Macao Bridge,97,5,4,106,84,5,2,91
2020-08-31,Lok Ma Chau,0,0,0,0,0,0,0,0
2020-08-31,Man Kam To,0,0,0,0,0,0,0,0
2020-08-31,Sha Tau Kok,0,0,0,0,0,0,0,0
2020-08-31,Shenzhen Bay,1276,96,2,1374,417,43,4,464
2020-08-31,China Ferry Terminal,0,0,0,0,0,0,0,0
2020-08-31,Harbour Control,0,0,0,0,0,0,0,0
2020-08-31,Kai Tak Cruise Terminal,0,0,0,0,0,0,0,0
2020-08-31,Macau Ferry Terminal,0,0,0,0,0,0,0,0
2020-08-31,Tuen Mun Ferry Terminal,0,0,0,0,0,0,0,0
2020-09-01,Airport,545,4,22,571,1956,18,57,2031
2020-09-01,Express Rail Link West Kowloon,0,0,0,0,0,0,0,0
2020-09-01,Hung Hom,0,0,0,0,0,0,0,0
2020-09-01,Lo Wu,0,0,0,0,0,0,0,0
2020-09-01,Lok Ma Chau Spur Line,0,0,0,0,0,0,0,0
2020-09-01,Heung Yuen Wai,0,0,0,0,0,0,0,0
2020-09-01,Hong Kong-Zhuhai-Macao Bridge,65,1,1,67,138,4,7,149
2020-09-01,Lok Ma Chau,0,0,0,0,0,0,0,0
2020-09-01,Man Kam To,0,0,0,0,0,0,0,0
2020-09-01,Sha Tau Kok,0,0,0,0,0,0,0,0
2020-09-01,Shenzhen Bay,816,72,2,890,643,73,7,723
2020-09-01,China Ferry Terminal,0,0,0,0,0,0,0,0
2020-09-01,Harbour Control,0,0,0,0,0,0,0,0
2020-09-01,Kai Tak Cruise Terminal,0,0,0,0,0,0,0,0
2020-09-01,Macau Ferry Terminal,0,0,0,0,0,0,0,0
2020-09-01,Tuen Mun Ferry Terminal,0,0,0,0,0,0,0,0
2020-09-02,Airport,735,6,37,778,1647,26,40,1713
2020-09-02,Express Rail Link West Kowloon,0,0,0,0,0,0,0,0
2020-09-02,Hung Hom,0,0,0,0,0,0,0,0
2020-09-02,Lo Wu,0,0,0,0,0,0,0,0
2020-09-02,Lok Ma Chau Spur Line,0,0,0,0,0,0,0,0
2020-09-02,Heung Yuen Wai,0,0,0,0,0,0,0,0
2020-09-02,Hong Kong-Zhuhai-Macao Bridge,57,5,1,63,140,10,1,151
2020-09-02,Lok Ma Chau,0,0,0,0,0,0,0,0
2020-09-02,Man Kam To,0,0,0,0,0,0,0,0
2020-09-02,Sha Tau Kok,0,0,0,0,0,0,0,0
2020-09-02,Shenzhen Bay,1012,89,2,1103,710,82,2,794
2020-09-02,China Ferry Terminal,0,0,0,0,0,0,0,0
2020-09-02,Harbour Control,0,0,0,0,0,0,0,0
2020-09-02,Kai Tak Cruise Terminal,0,0,0,0,0,0,0,0
2020-09-02,Macau Ferry Terminal,0,0,0,0,0,0,0,0
2020-09-02,Tuen Mun Ferry Terminal,0,0,0,0,0,0,0,0
2020-09-03,Airport,622,4,15,641,1466,12,28,1506
2020-09-03,Express Rail Link West Kowloon,0,0,0,0,0,0,0,0
2020-09-03,Hung Hom,0,0,0,0,0,0,0,0
2020-09-03,Lo Wu,0,0,0,0,0,0,0,0
2020-09-03,Lok Ma Chau Spur Line,0,0,0,0,0,0,0,0
2020-09-03,Heung Yuen Wai,0,0,0,0,0,0,0,0
2020-09-03,Hong Kong-Zhuhai-Macao Bridge,84,4,4,92,141,7,2,150
2020-09-03,Lok Ma Chau,0,0,0,0,0,0,0,0
2020-09-03,Man Kam To,0,0,0,0,0,0,0,0
2020-09-03,Sha Tau Kok,0,0,0,0,0,0,0,0
2020-09-03,Shenzhen Bay,1032,79,4,1115,756,86,7,849
2020-09-03,China Ferry Terminal,0,0,0,0,0,0,0,0
2020-09-03,Harbour Control,0,0,0,0,0,0,0,0
2020-09-03,Kai Tak Cruise Terminal,0,0,0,0,0,0,0,0
2020-09-03,Macau Ferry Terminal,0,0,0,0,0,0,0,0
2020-09-03,Tuen Mun Ferry Terminal,0,0,0,0,0,0,0,0
2020-09-04,Airport,1231,5,32,1268,1377,16,41,1434
2020-09-04,Express Rail Link West Kowloon,0,0,0,0,0,0,0,0
2020-09-04,Hung Hom,0,0,0,0,0,0,0,0
2020-09-04,Lo Wu,0,0,0,0,0,0,0,0
2020-09-04,Lok Ma Chau Spur Line,0,0,0,0,0,0,0,0
2020-09-04,Heung Yuen Wai,0,0,0,0,0,0,0,0
2020-09-04,Hong Kong-Zhuhai-Macao Bridge,72,2,6,80,175,6,9,190
2020-09-04,Lok Ma Chau,0,0,0,0,0,0,0,0
2020-09-04,Man Kam To,0,0,0,0,0,0,0,0
2020-09-04,Sha Tau Kok,0,0,0,0,0,0,0,0
2020-09-04,Shenzhen Bay,845,114,4,963,695,80,2,777
2020-09-04,China Ferry Terminal,0,0,0,0,0,0,0,0
2020-09-04,Harbour Control,0,0,0,0,0,0,0,0
2020-09-04,Kai Tak Cruise Terminal,0,0,0,0,0,0,0,0
2020-09-04,Macau Ferry Terminal,0,0,0,0,0,0,0,0
2020-09-04,Tuen Mun Ferry Terminal,0,0,0,0,0,0,0,0
2020-09-05,Airport,1046,11,28,1085,1900,40,70,2010
2020-09-05,Express Rail Link West Kowloon,0,0,0,0,0,0,0,0
2020-09-05,Hung Hom,0,0,0,0,0,0,0,0
2020-09-05,Lo Wu,0,0,0,0,0,0,0,0
2020-09-05,Lok Ma Chau Spur Line,0,0,0,0,0,0,0,0
2020-09-05,Heung Yuen Wai,0,0,0,0,0,0,0,0
2020-09-05,Hong Kong-Zhuhai-Macao Bridge,71,4,6,81,100,6,6,112
2020-09-05,Lok Ma Chau,0,0,0,0,0,0,0,0
2020-09-05,Man Kam To,0,0,0,0,0,0,0,0
2020-09-05,Sha Tau Kok,0,0,0,0,0,0,0,0
2020-09-05,Shenzhen Bay,1401,154,5,1560,550,82,3,635
2020-09-05,China Ferry Terminal,0,0,0,0,0,0,0,0
2020-09-05,Harbour Control,0,0,0,0,0,0,0,0
2020-09-05,Kai Tak Cruise Terminal,0,0,0,0,0,0,0,0
2020-09-05,Macau Ferry Terminal,0,0,0,0,0,0,0,0
2020-09-05,Tuen Mun Ferry Terminal,0,0,0,0,0,0,0,0
2020-09-06,Airport,1093,5,51,1149,1633,31,69,1733
2020-09-06,Express Rail Link West Kowloon,0,0,0,0,0,0,0,0
2020-09-06,Hung Hom,0,0,0,0,0,0,0,0
2020-09-06,Lo Wu,0,0,0,0,0,0,0,0
2020-09-06,Lok Ma Chau Spur Line,0,0,0,0,0,0,0,0
2020-09-06,Heung Yuen Wai,0,0,0,0,0,0,0,0
2020-09-06,Hong Kong-Zhuhai-Macao Bridge,199,10,6,215,39,3,0,42
2020-09-06,Lok Ma Chau,0,0,0,0,0,0,0,0
2020-09-06,Man Kam To,0,0,0,0,0,0,0,0
2020-09-06,Sha Tau Kok,0,0,0,0,0,0,0,0
2020-09-06,Shenzhen Bay,2543,257,12,2812,337,44,2,383
2020-09-06,China Ferry Terminal,0,0,0,0,0,0,0,0
2020-09-06,Harbour Control,0,0,0,0,0,0,0,0
2020-09-06,Kai Tak Cruise Terminal,0,0,0,0,0,0,0,0
2020-09-06,Macau Ferry Terminal,0,0,0,0,0,0,0,0
2020-09-06,Tuen Mun Ferry Terminal,0,0,0,0,0,0,0,0
2020-09-07,Airport,614,5,19,638,1242,5,39,1286
2020-09-07,Express Rail Link West Kowloon,0,0,0,0,0,0,0,0
2020-09-07,Hung Hom,0,0,0,0,0,0,0,0
2020-09-07,Lo Wu,0,0,0,0,0,0,0,0
2020-09-07,Lok Ma Chau Spur Line,0,0,0,0,0,0,0,0
2020-09-07,Heung Yuen Wai,0,0,0,0,0,0,0,0
2020-09-07,Hong Kong-Zhuhai-Macao Bridge,125,8,4,137,71,3,1,75
2020-09-07,Lok Ma Chau,0,0,0,0,0,0,0,0
2020-09-07,Man Kam To,0,0,0,0,0,0,0,0
2020-09-07,Sha Tau Kok,0,0,0,0,0,0,0,0
2020-09-07,Shenzhen Bay,1680,170,6,1856,360,43,2,405
2020-09-07,China Ferry Terminal,0,0,0,0,0,0,0,0
2020-09-07,Harbour Control,0,0,0,0,0,0,0,0
2020-09-07,Kai Tak Cruise Terminal,0,0,0,0,0,0,0,0
2020-09-07,Macau Ferry Terminal,0,0,0,0,0,0,0,0
2020-09-07,Tuen Mun Ferry Terminal,0,0,0,0,0,0,0,0
2020-09-08,Airport,1030,9,45,1084,1378,27,46,1451
2020-09-08,Express Rail Link West Kowloon,0,0,0,0,0,0,0,0
2020-09-08,Hung Hom,0,0,0,0,0,0,0,0
2020-09-08,Lo Wu,0,0,0,0,0,0,0,0
2020-09-08,Lok Ma Chau Spur Line,0,0,0,0,0,0,0,0
2020-09-08,Heung Yuen Wai,0,0,0,0,0,0,0,0
2020-09-08,Hong Kong-Zhuhai-Macao Bridge,167,10,5,182,114,12,3,129
2020-09-08,Lok Ma Chau,0,0,0,0,0,0,0,0
2020-09-08,Man Kam To,0,0,0,0,0,0,0,0
2020-09-08,Sha Tau Kok,0,0,0,0,0,0,0,0
2020-09-08,Shenzhen Bay,2340,290,7,2637,735,64,7,806
2020-09-08,China Ferry Terminal,0,0,0,0,0,0,0,0
2020-09-08,Harbour Control,0,0,0,0,0,0,0,0
2020-09-08,Kai Tak Cruise Terminal,0,0,0,0,0,0,0,0
2020-09-08,Macau Ferry Terminal,0,0,0,0,0,0,0,0
2020-09-08,Tuen Mun Ferry Terminal,0,0,0,0,0,0,0,0
2020-09-09,Airport,916,9,24,949,1181,18,115,1314
2020-09-09,Express Rail Link West Kowloon,0,0,0,0,0,0,0,0
2020-09-09,Hung Hom,0,0,0,0,0,0,0,0
2020-09-09,Lo Wu,0,0,0,0,0,0,0,0
2020-09-09,Lok Ma Chau Spur Line,0,0,0,0,0,0,0,0
2020-09-09,Heung Yuen Wai,0,0,0,0,0,0,0,0
2020-09-09,Hong Kong-Zhuhai-Macao Bridge,137,7,50,194,113,9,3,125
2020-09-09,Lok Ma Chau,0,0,0,0,0,0,0,0
2020-09-09,Man Kam To,0,0,0,0,0,0,0,0
2020-09-09,Sha Tau Kok,0,0,0,0,0,0,0,0
2020-09-09,Shenzhen Bay,2182,291,9,2482,636,96,4,736
2020-09-09,China Ferry Terminal,0,0,0,0,0,0,0,0
2020-09-09,Harbour Control,0,0,0,0,0,0,0,0
2020-09-09,Kai Tak Cruise Terminal,0,0,0,0,0,0,0,0
2020-09-09,Macau Ferry Terminal,0,0,0,0,0,0,0,0
2020-09-09,Tuen Mun Ferry Terminal,0,0,0,0,0,0,0,0
2020-09-10,Airport,688,4,15,707,1199,11,37,1247
2020-09-10,Express Rail Link West Kowloon,0,0,0,0,0,0,0,0
2020-09-10,Hung Hom,0,0,0,0,0,0,0,0
2020-09-10,Lo Wu,0,0,0,0,0,0,0,0
2020-09-10,Lok Ma Chau Spur Line,0,0,0,0,0,0,0,0
2020-09-10,Heung Yuen Wai,0,0,0,0,0,0,0,0
2020-09-10,Hong Kong-Zhuhai-Macao Bridge,125,9,3,137,136,7,7,150
2020-09-10,Lok Ma Chau,0,0,0,0,0,0,0,0
2020-09-10,Man Kam To,0,0,0,0,0,0,0,0
2020-09-10,Sha Tau Kok,0,0,0,0,0,0,0,0
2020-09-10,Shenzhen Bay,1317,171,7,1495,612,84,6,702
2020-09-10,China Ferry Terminal,0,0,0,0,0,0,0,0
2020-09-10,Harbour Control,0,0,0,0,0,0,0,0
2020-09-10,Kai Tak Cruise Terminal,0,0,0,0,0,0,0,0
2020-09-10,Macau Ferry Terminal,0,0,0,0,0,0,0,0
2020-09-10,Tuen Mun Ferry Terminal,0,0,0,0,0,0,0,0
2020-09-11,Airport,1166,7,44,1217,1430,9,56,1495
2020-09-11,Express Rail Link West Kowloon,0,0,0,0,0,0,0,0
2020-09-11,Hung Hom,0,0,0,0,0,0,0,0
2020-09-11,Lo Wu,0,0,0,0,0,0,0,0
2020-09-11,Lok Ma Chau Spur Line,0,0,0,0,0,0,0,0
2020-09-11,Heung Yuen Wai,0,0,0,0,0,0,0,0
2020-09-11,Hong Kong-Zhuhai-Macao Bridge,110,7,7,124,133,8,2,143
2020-09-11,Lok Ma Chau,0,0,0,0,0,0,0,0
2020-09-11,Man Kam To,0,0,0,0,0,0,0,0
2020-09-11,Sha Tau Kok,0,0,0,0,0,0,0,0
2020-09-11,Shenzhen Bay,1213,180,6,1399,537,89,5,631
2020-09-11,China Ferry Terminal,0,0,0,0,0,0,0,0
2020-09-11,Harbour Control,0,0,0,0,0,0,0,0
2020-09-11,Kai Tak Cruise Terminal,0,0,0,0,0,0,0,0
2020-09-11,Macau Ferry Terminal,0,0,0,0,0,0,0,0
2020-09-11,Tuen Mun Ferry Terminal,0,0,0,0,0,0,0,0
2020-09-12,Airport,959,15,39,1013,1457,40,46,1543
2020-09-12,Express Rail Link West Kowloon,0,0,0,0,0,0,0,0
2020-09-12,Hung Hom,0,0,0,0,0,0,0,0
2020-09-12,Lo Wu,0,0,0,0,0,0,0,0
2020-09-12,Lok Ma Chau Spur Line,0,0,0,0,0,0,0,0
2020-09-12,Heung Yuen Wai,0,0,0,0,0,0,0,0
2020-09-12,Hong Kong-Zhuhai-Macao Bridge,109,13,5,127,101,8,3,112
2020-09-12,Lok Ma Chau,0,0,0,0,0,0,0,0
2020-09-12,Man Kam To,0,0,0,0,0,0,0,0
2020-09-12,Sha Tau Kok,0,0,0,0,0,0,0,0
2020-09-12,Shenzhen Bay,1576,251,4,1831,576,88,2,666
2020-09-12,China Ferry Terminal,0,0,0,0,0,0,0,0
2020-09-12,Harbour Control,0,0,0,0,0,0,0,0
2020-09-12,Kai Tak Cruise Terminal,0,0,0,0,0,0,0,0
2020-09-12,Macau Ferry Terminal,0,0,0,0,0,0,0,0
2020-09-12,Tuen Mun Ferry Terminal,0,0,0,0,0,0,0,0
2020-09-13,Airport,1351,9,49,1409,1426,29,60,1515
2020-09-13,Express Rail Link West Kowloon,0,0,0,0,0,0,0,0
2020-09-13,Hung Hom,0,0,0,0,0,0,0,0
2020-09-13,Lo Wu,0,0,0,0,0,0,0,0
2020-09-13,Lok Ma Chau Spur Line,0,0,0,0,0,0,0,0
2020-09-13,Heung Yuen Wai,0,0,0,0,0,0,0,0
2020-09-13,Hong Kong-Zhuhai-Macao Bridge,229,20,7,256,70,2,4,76
2020-09-13,Lok Ma Chau,0,0,0,0,0,0,0,0
2020-09-13,Man Kam To,0,0,0,0,0,0,0,0
2020-09-13,Sha Tau Kok,0,0,0,0,0,0,0,0
2020-09-13,Shenzhen Bay,3251,443,9,3703,416,72,3,491
2020-09-13,China Ferry Terminal,0,0,0,0,0,0,0,0
2020-09-13,Harbour Control,0,0,0,0,0,0,0,0
2020-09-13,Kai Tak Cruise Terminal,0,0,0,0,0,0,0,0
2020-09-13,Macau Ferry Terminal,0,0,0,0,0,0,0,0
2020-09-13,Tuen Mun Ferry Terminal,0,0,0,0,0,0,0,0
2020-09-14,Airport,656,4,26,686,866,8,38,912
2020-09-14,Express Rail Link West Kowloon,0,0,0,0,0,0,0,0
2020-09-14,Hung Hom,0,0,0,0,0,0,0,0
2020-09-14,Lo Wu,0,0,0,0,0,0,0,0
2020-09-14,Lok Ma Chau Spur Line,0,0,0,0,0,0,0,0
2020-09-14,Heung Yuen Wai,0,0,0,0,0,0,0,0
2020-09-14,Hong Kong-Zhuhai-Macao Bridge,160,9,3,172,87,2,3,92
2020-09-14,Lok Ma Chau,0,0,0,0,0,0,0,0
2020-09-14,Man Kam To,0,0,0,0,0,0,0,0
2020-09-14,Sha Tau Kok,0,0,0,0,0,0,0,0
2020-09-14,Shenzhen Bay,2277,302,7,2586,415,45,4,464
2020-09-14,China Ferry Terminal,0,0,0,0,0,0,0,0
2020-09-14,Harbour Control,0,0,0,0,0,0,0,0
2020-09-14,Kai Tak Cruise Terminal,0,0,0,0,0,0,0,0
2020-09-14,Macau Ferry Terminal,0,0,0,0,0,0,0,0
2020-09-14,Tuen Mun Ferry Terminal,0,0,0,0,0,0,0,0
2020-09-15,Airport,754,7,40,801,1340,18,64,1422
2020-09-15,Express Rail Link West Kowloon,0,0,0,0,0,0,0,0
2020-09-15,Hung Hom,0,0,0,0,0,0,0,0
2020-09-15,Lo Wu,0,0,0,0,0,0,0,0
2020-09-15,Lok Ma Chau Spur Line,0,0,0,0,0,0,0,0
2020-09-15,Heung Yuen Wai,0,0,0,0,0,0,0,0
2020-09-15,Hong Kong-Zhuhai-Macao Bridge,125,6,5,136,128,3,3,134
2020-09-15,Lok Ma Chau,0,0,0,0,0,0,0,0
2020-09-15,Man Kam To,0,0,0,0,0,0,0,0
2020-09-15,Sha Tau Kok,0,0,0,0,0,0,0,0
2020-09-15,Shenzhen Bay,1764,263,9,2036,550,51,2,603
2020-09-15,China Ferry Terminal,0,0,0,0,0,0,0,0
2020-09-15,Harbour Control,0,0,0,0,0,0,0,0
2020-09-15,Kai Tak Cruise Terminal,0,0,0,0,0,0,0,0
2020-09-15,Macau Ferry Terminal,0,0,0,0,0,0,0,0
2020-09-15,Tuen Mun Ferry Terminal,0,0,0,0,0,0,0,0
2020-09-16,Airport,799,10,30,839,1065,17,47,1129
2020-09-16,Express Rail Link West Kowloon,0,0,0,0,0,0,0,0
2020-09-16,Hung Hom,0,0,0,0,0,0,0,0
2020-09-16,Lo Wu,0,0,0,0,0,0,0,0
2020-09-16,Lok Ma Chau Spur Line,0,0,0,0,0,0,0,0
2020-09-16,Heung Yuen Wai,0,0,0,0,0,0,0,0
2020-09-16,Hong Kong-Zhuhai-Macao Bridge,73,3,2,78,321,11,7,339
2020-09-16,Lok Ma Chau,0,0,0,0,0,0,0,0
2020-09-16,Man Kam To,0,0,0,0,0,0,0,0
2020-09-16,Sha Tau Kok,0,0,0,0,0,0,0,0
2020-09-16,Shenzhen Bay,1091,183,5,1279,1189,85,5,1279
2020-09-16,China Ferry Terminal,0,0,0,0,0,0,0,0
2020-09-16,Harbour Control,0,0,0,0,0,0,0,0
2020-09-16,Kai Tak Cruise Terminal,0,0,0,0,0,0,0,0
2020-09-16,Macau Ferry Terminal,0,0,0,0,0,0,0,0
2020-09-16,Tuen Mun Ferry Terminal,0,0,0,0,0,0,0,0
2020-09-17,Airport,650,5,21,676,1276,6,42,1324
2020-09-17,Express Rail Link West Kowloon,0,0,0,0,0,0,0,0
2020-09-17,Hung Hom,0,0,0,0,0,0,0,0
2020-09-17,Lo Wu,0,0,0,0,0,0,0,0
2020-09-17,Lok Ma Chau Spur Line,0,0,0,0,0,0,0,0
2020-09-17,Heung Yuen Wai,0,0,0,0,0,0,0,0
2020-09-17,Hong Kong-Zhuhai-Macao Bridge,72,4,1,77,87,9,4,100
2020-09-17,Lok Ma Chau,0,0,0,0,0,0,0,0
2020-09-17,Man Kam To,0,0,0,0,0,0,0,0
2020-09-17,Sha Tau Kok,0,0,0,0,0,0,0,0
2020-09-17,Shenzhen Bay,844,103,0,947,459,37,3,499
2020-09-17,China Ferry Terminal,0,0,0,0,0,0,0,0
2020-09-17,Harbour Control,0,0,0,0,0,0,0,0
2020-09-17,Kai Tak Cruise Terminal,0,0,0,0,0,0,0,0
2020-09-17,Macau Ferry Terminal,0,0,0,0,0,0,0,0
2020-09-17,Tuen Mun Ferry Terminal,0,0,0,0,0,0,0,0
2020-09-18,Airport,822,4,41,867,1336,5,41,1382
2020-09-18,Express Rail Link West Kowloon,0,0,0,0,0,0,0,0
2020-09-18,Hung Hom,0,0,0,0,0,0,0,0
2020-09-18,Lo Wu,0,0,0,0,0,0,0,0
2020-09-18,Lok Ma Chau Spur Line,0,0,0,0,0,0,0,0
2020-09-18,Heung Yuen Wai,0,0,0,0,0,0,0,0
2020-09-18,Hong Kong-Zhuhai-Macao Bridge,75,11,3,89,72,2,1,75
2020-09-18,Lok Ma Chau,0,0,0,0,0,0,0,0
2020-09-18,Man Kam To,0,0,0,0,0,0,0,0
2020-09-18,Sha Tau Kok,0,0,0,0,0,0,0,0
2020-09-18,Shenzhen Bay,868,121,4,993,393,48,11,452
2020-09-18,China Ferry Terminal,0,0,0,0,0,0,0,0
2020-09-18,Harbour Control,0,0,0,0,0,0,0,0
2020-09-18,Kai Tak Cruise Terminal,0,0,0,0,0,0,0,0
2020-09-18,Macau Ferry Terminal,0,0,0,0,0,0,0,0
2020-09-18,Tuen Mun Ferry Terminal,0,0,0,0,0,0,0,0
2020-09-19,Airport,1306,11,31,1348,1544,25,36,1605
2020-09-19,Express Rail Link West Kowloon,0,0,0,0,0,0,0,0
2020-09-19,Hung Hom,0,0,0,0,0,0,0,0
2020-09-19,Lo Wu,0,0,0,0,0,0,0,0
2020-09-19,Lok Ma Chau Spur Line,0,0,0,0,0,0,0,0
2020-09-19,Heung Yuen Wai,0,0,0,0,0,0,0,0
2020-09-19,Hong Kong-Zhuhai-Macao Bridge,114,9,4,127,82,6,5,93
2020-09-19,Lok Ma Chau,0,0,0,0,0,0,0,0
2020-09-19,Man Kam To,0,0,0,0,0,0,0,0
2020-09-19,Sha Tau Kok,0,0,0,0,0,0,0,0
2020-09-19,Shenzhen Bay,1236,202,4,1442,357,52,6,415
2020-09-19,China Ferry Terminal,0,0,0,0,0,0,0,0
2020-09-19,Harbour Control,0,0,0,0,0,0,0,0
2020-09-19,Kai Tak Cruise Terminal,0,0,0,0,0,0,0,0
2020-09-19,Macau Ferry Terminal,0,0,0,0,0,0,0,0
2020-09-19,Tuen Mun Ferry Terminal,0,0,0,0,0,0,0,0
2020-09-20,Airport,1171,9,43,1223,1292,21,48,1361
2020-09-20,Express Rail Link West Kowloon,0,0,0,0,0,0,0,0
2020-09-20,Hung Hom,0,0,0,0,0,0,0,0
2020-09-20,Lo Wu,0,0,0,0,0,0,0,0
2020-09-20,Lok Ma Chau Spur Line,0,0,0,0,0,0,0,0
2020-09-20,Heung Yuen Wai,0,0,0,0,0,0,0,0
2020-09-20,Hong Kong-Zhuhai-Macao Bridge,144,16,5,165,50,5,1,56
2020-09-20,Lok Ma Chau,0,0,0,0,0,0,0,0
2020-09-20,Man Kam To,0,0,0,0,0,0,0,0
2020-09-20,Sha Tau Kok,0,0,0,0,0,0,0,0
2020-09-20,Shenzhen Bay,2339,314,9,2662,313,26,6,345
2020-09-20,China Ferry Terminal,0,0,0,0,0,0,0,0
2020-09-20,Harbour Control,0,0,0,0,0,0,0,0
2020-09-20,Kai Tak Cruise Terminal,0,0,0,0,0,0,0,0
2020-09-20,Macau Ferry Terminal,0,0,0,0,0,0,0,0
2020-09-20,Tuen Mun Ferry Terminal,0,0,0,0,0,0,0,0
2020-09-21,Airport,740,1,17,758,1110,5,23,1138
2020-09-21,Express Rail Link West Kowloon,0,0,0,0,0,0,0,0
2020-09-21,Hung Hom,0,0,0,0,0,0,0,0
2020-09-21,Lo Wu,0,0,0,0,0,0,0,0
2020-09-21,Lok Ma Chau Spur Line,0,0,0,0,0,0,0,0
2020-09-21,Heung Yuen Wai,0,0,0,0,0,0,0,0
2020-09-21,Hong Kong-Zhuhai-Macao Bridge,119,9,1,129,44,1,3,48
2020-09-21,Lok Ma Chau,0,0,0,0,0,0,0,0
2020-09-21,Man Kam To,0,0,0,0,0,0,0,0
2020-09-21,Sha Tau Kok,0,0,0,0,0,0,0,0
2020-09-21,Shenzhen Bay,1398,204,3,1605,296,39,3,338
2020-09-21,China Ferry Terminal,0,0,0,0,0,0,0,0
2020-09-21,Harbour Control,0,0,0,0,0,0,0,0
2020-09-21,Kai Tak Cruise Terminal,0,0,0,0,0,0,0,0
2020-09-21,Macau Ferry Terminal,0,0,0,0,0,0,0,0
2020-09-21,Tuen Mun Ferry Terminal,0,0,0,0,0,0,0,0
2020-09-22,Airport,740,2,21,763,1109,22,57,1188
2020-09-22,Express Rail Link West Kowloon,0,0,0,0,0,0,0,0
2020-09-22,Hung Hom,0,0,0,0,0,0,0,0
2020-09-22,Lo Wu,0,0,0,0,0,0,0,0
2020-09-22,Lok Ma Chau Spur Line,0,0,0,0,0,0,0,0
2020-09-22,Heung Yuen Wai,0,0,0,0,0,0,0,0
2020-09-22,Hong Kong-Zhuhai-Macao Bridge,104,5,2,111,102,6,1,109
2020-09-22,Lok Ma Chau,0,0,0,0,0,0,0,0
2020-09-22,Man Kam To,0,0,0,0,0,0,0,0
2020-09-22,Sha Tau Kok,0,0,0,0,0,0,0,0
2020-09-22,Shenzhen Bay,950,129,3,1082,373,32,7,412
2020-09-22,China Ferry Terminal,0,0,0,0,0,0,0,0
2020-09-22,Harbour Control,0,0,0,0,0,0,0,0
2020-09-22,Kai Tak Cruise Terminal,0,0,0,0,0,0,0,0
2020-09-22,Macau Ferry Terminal,0,0,0,0,0,0,0,0
2020-09-22,Tuen Mun Ferry Terminal,0,0,0,0,0,0,0,0
2020-09-23,Airport,884,1,39,924,891,11,60,962
2020-09-23,Express Rail Link West Kowloon,0,0,0,0,0,0,0,0
2020-09-23,Hung Hom,0,0,0,0,0,0,0,0
2020-09-23,Lo Wu,0,0,0,0,0,0,0,0
2020-09-23,Lok Ma Chau Spur Line,0,0,0,0,0,0,0,0
2020-09-23,Heung Yuen Wai,0,0,0,0,0,0,0,0
2020-09-23,Hong Kong-Zhuhai-Macao Bridge,88,6,4,98,175,5,1,181
2020-09-23,Lok Ma Chau,0,0,0,0,0,0,0,0
2020-09-23,Man Kam To,0,0,0,0,0,0,0,0
2020-09-23,Sha Tau Kok,0,0,0,0,0,0,0,0
2020-09-23,Shenzhen Bay,878,141,6,1025,573,80,8,661
2020-09-23,China Ferry Terminal,0,0,0,0,0,0,0,0
2020-09-23,Harbour Control,0,0,0,0,0,0,0,0
2020-09-23,Kai Tak Cruise Terminal,0,0,0,0,0,0,0,0
2020-09-23,Macau Ferry Terminal,0,0,0,0,0,0,0,0
2020-09-23,Tuen Mun Ferry Terminal,0,0,0,0,0,0,0,0
2020-09-24,Airport,604,3,14,621,1255,6,37,1298
2020-09-24,Express Rail Link West Kowloon,0,0,0,0,0,0,0,0
2020-09-24,Hung Hom,0,0,0,0,0,0,0,0
2020-09-24,Lo Wu,0,0,0,0,0,0,0,0
2020-09-24,Lok Ma Chau Spur Line,0,0,0,0,0,0,0,0
2020-09-24,Heung Yuen Wai,0,0,0,0,0,0,0,0
2020-09-24,Hong Kong-Zhuhai-Macao Bridge,103,6,3,112,110,4,0,114
2020-09-24,Lok Ma Chau,0,0,0,0,0,0,0,0
2020-09-24,Man Kam To,0,0,0,0,0,0,0,0
2020-09-24,Sha Tau Kok,0,0,0,0,0,0,0,0
2020-09-24,Shenzhen Bay,769,119,5,893,495,61,7,563
2020-09-24,China Ferry Terminal,0,0,0,0,0,0,0,0
2020-09-24,Harbour Control,0,0,0,0,0,0,0,0
2020-09-24,Kai Tak Cruise Terminal,0,0,0,0,0,0,0,0
2020-09-24,Macau Ferry Terminal,0,0,0,0,0,0,0,0
2020-09-24,Tuen Mun Ferry Terminal,0,0,0,0,0,0,0,0
2020-09-25,Airport,885,3,42,930,1358,13,51,1422
2020-09-25,Express Rail Link West Kowloon,0,0,0,0,0,0,0,0
2020-09-25,Hung Hom,0,0,0,0,0,0,0,0
2020-09-25,Lo Wu,0,0,0,0,0,0,0,0
2020-09-25,Lok Ma Chau Spur Line,0,0,0,0,0,0,0,0
2020-09-25,Heung Yuen Wai,0,0,0,0,0,0,0,0
2020-09-25,Hong Kong-Zhuhai-Macao Bridge,122,3,1,126,161,5,0,166
2020-09-25,Lok Ma Chau,0,0,0,0,0,0,0,0
2020-09-25,Man Kam To,0,0,0,0,0,0,0,0
2020-09-25,Sha Tau Kok,0,0,0,0,0,0,0,0
2020-09-25,Shenzhen Bay,965,129,6,1100,513,71,5,589
2020-09-25,China Ferry Terminal,0,0,0,0,0,0,0,0
2020-09-25,Harbour Control,0,0,0,0,0,0,0,0
2020-09-25,Kai Tak Cruise Terminal,0,0,0,0,0,0,0,0
2020-09-25,Macau Ferry Terminal,0,0,0,0,0,0,0,0
2020-09-25,Tuen Mun Ferry Terminal,0,0,0,0,0,0,0,0
2020-09-26,Airport,1100,18,12,1130,1382,47,27,1456
2020-09-26,Express Rail Link West Kowloon,0,0,0,0,0,0,0,0
2020-09-26,Hung Hom,0,0,0,0,0,0,0,0
2020-09-26,Lo Wu,0,0,0,0,0,0,0,0
2020-09-26,Lok Ma Chau Spur Line,0,0,0,0,0,0,0,0
2020-09-26,Heung Yuen Wai,0,0,0,0,0,0,0,0
2020-09-26,Hong Kong-Zhuhai-Macao Bridge,87,9,1,97,83,7,1,91
2020-09-26,Lok Ma Chau,0,0,0,0,0,0,0,0
2020-09-26,Man Kam To,0,0,0,0,0,0,0,0
2020-09-26,Sha Tau Kok,0,0,0,0,0,0,0,0
2020-09-26,Shenzhen Bay,1003,128,5,1136,489,80,5,574
2020-09-26,China Ferry Terminal,0,0,0,0,0,0,0,0
2020-09-26,Harbour Control,0,0,0,0,0,0,0,0
2020-09-26,Kai Tak Cruise Terminal,0,0,0,0,0,0,0,0
2020-09-26,Macau Ferry Terminal,0,0,0,0,0,0,0,0
2020-09-26,Tuen Mun Ferry Terminal,0,0,0,0,0,0,0,0
2020-09-27,Airport,1315,3,37,1355,1213,8,52,1273
2020-09-27,Express Rail Link West Kowloon,0,0,0,0,0,0,0,0
2020-09-27,Hung Hom,0,0,0,0,0,0,0,0
2020-09-27,Lo Wu,0,0,0,0,0,0,0,0
2020-09-27,Lok Ma Chau Spur Line,0,0,0,0,0,0,0,0
2020-09-27,Heung Yuen Wai,0,0,0,0,0,0,0,0
2020-09-27,Hong Kong-Zhuhai-Macao Bridge,51,5,2,58,51,2,0,53
2020-09-27,Lok Ma Chau,0,0,0,0,0,0,0,0
2020-09-27,Man Kam To,0,0,0,0,0,0,0,0
2020-09-27,Sha Tau Kok,0,0,0,0,0,0,0,0
2020-09-27,Shenzhen Bay,1073,147,4,1224,308,40,9,357
2020-09-27,China Ferry Terminal,0,0,0,0,0,0,0,0
2020-09-27,Harbour Control,0,0,0,0,0,0,0,0
2020-09-27,Kai Tak Cruise Terminal,0,0,0,0,0,0,0,0
2020-09-27,Macau Ferry Terminal,0,0,0,0,0,0,0,0
2020-09-27,Tuen Mun Ferry Terminal,0,0,0,0,0,0,0,0
2020-09-28,Airport,965,4,35,1004,1019,12,40,1071
2020-09-28,Express Rail Link West Kowloon,0,0,0,0,0,0,0,0
2020-09-28,Hung Hom,0,0,0,0,0,0,0,0
2020-09-28,Lo Wu,0,0,0,0,0,0,0,0
2020-09-28,Lok Ma Chau Spur Line,0,0,0,0,0,0,0,0
2020-09-28,Heung Yuen Wai,0,0,0,0,0,0,0,0
2020-09-28,Hong Kong-Zhuhai-Macao Bridge,52,4,1,57,49,6,3,58
2020-09-28,Lok Ma Chau,0,0,0,0,0,0,0,0
2020-09-28,Man Kam To,0,0,0,0,0,0,0,0
2020-09-28,Sha Tau Kok,0,0,0,0,0,0,0,0
2020-09-28,Shenzhen Bay,882,116,5,1003,426,31,9,466
2020-09-28,China Ferry Terminal,0,0,0,0,0,0,0,0
2020-09-28,Harbour Control,0,0,0,0,0,0,0,0
2020-09-28,Kai Tak Cruise Terminal,0,0,0,0,0,0,0,0
2020-09-28,Macau Ferry Terminal,0,0,0,0,0,0,0,0
2020-09-28,Tuen Mun Ferry Terminal,0,0,0,0,0,0,0,0
2020-09-29,Airport,1224,11,30,1265,1303,20,75,1398
2020-09-29,Express Rail Link West Kowloon,0,0,0,0,0,0,0,0
2020-09-29,Hung Hom,0,0,0,0,0,0,0,0
2020-09-29,Lo Wu,0,0,0,0,0,0,0,0
2020-09-29,Lok Ma Chau Spur Line,0,0,0,0,0,0,0,0
2020-09-29,Heung Yuen Wai,0,0,0,0,0,0,0,0
2020-09-29,Hong Kong-Zhuhai-Macao Bridge,81,6,5,92,78,3,8,89
2020-09-29,Lok Ma Chau,0,0,0,0,0,0,0,0
2020-09-29,Man Kam To,0,0,0,0,0,0,0,0
2020-09-29,Sha Tau Kok,0,0,0,0,0,0,0,0
2020-09-29,Shenzhen Bay,1010,124,4,1138,411,48,4,463
2020-09-29,China Ferry Terminal,0,0,0,0,0,0,0,0
2020-09-29,Harbour Control,0,0,0,0,0,0,0,0
2020-09-29,Kai Tak Cruise Terminal,0,0,0,0,0,0,0,0
2020-09-29,Macau Ferry Terminal,0,0,0,0,0,0,0,0
2020-09-29,Tuen Mun Ferry Terminal,0,0,0,0,0,0,0,0
2020-09-30,Airport,1678,3,28,1709,992,18,49,1059
2020-09-30,Express Rail Link West Kowloon,0,0,0,0,0,0,0,0
2020-09-30,Hung Hom,0,0,0,0,0,0,0,0
2020-09-30,Lo Wu,0,0,0,0,0,0,0,0
2020-09-30,Lok Ma Chau Spur Line,0,0,0,0,0,0,0,0
2020-09-30,Heung Yuen Wai,0,0,0,0,0,0,0,0
2020-09-30,Hong Kong-Zhuhai-Macao Bridge,133,5,8,146,88,7,2,97
2020-09-30,Lok Ma Chau,0,0,0,0,0,0,0,0
2020-09-30,Man Kam To,0,0,0,0,0,0,0,0
2020-09-30,Sha Tau Kok,0,0,0,0,0,0,0,0
2020-09-30,Shenzhen Bay,1201,141,6,1348,667,79,22,768
2020-09-30,China Ferry Terminal,0,0,0,0,0,0,0,0
2020-09-30,Harbour Control,0,0,0,0,0,0,0,0
2020-09-30,Kai Tak Cruise Terminal,0,0,0,0,0,0,0,0
2020-09-30,Macau Ferry Terminal,0,0,0,0,0,0,0,0
2020-09-30,Tuen Mun Ferry Terminal,0,0,0,0,0,0,0,0
2020-10-01,Airport,898,4,34,936,1147,5,101,1253
2020-10-01,Express Rail Link West Kowloon,0,0,0,0,0,0,0,0
2020-10-01,Hung Hom,0,0,0,0,0,0,0,0
2020-10-01,Lo Wu,0,0,0,0,0,0,0,0
2020-10-01,Lok Ma Chau Spur Line,0,0,0,0,0,0,0,0
2020-10-01,Heung Yuen Wai,0,0,0,0,0,0,0,0
2020-10-01,Hong Kong-Zhuhai-Macao Bridge,58,4,76,138,80,10,2,92
2020-10-01,Lok Ma Chau,0,0,0,0,0,0,0,0
2020-10-01,Man Kam To,0,0,0,0,0,0,0,0
2020-10-01,Sha Tau Kok,0,0,0,0,0,0,0,0
2020-10-01,Shenzhen Bay,570,85,8,663,403,46,3,452
2020-10-01,China Ferry Terminal,0,0,0,0,0,0,0,0
2020-10-01,Harbour Control,0,0,0,0,0,0,0,0
2020-10-01,Kai Tak Cruise Terminal,0,0,0,0,0,0,0,0
2020-10-01,Macau Ferry Terminal,0,0,0,0,0,0,0,0
2020-10-01,Tuen Mun Ferry Terminal,0,0,0,0,0,0,0,0
2020-10-02,Airport,677,4,43,724,960,19,66,1045
2020-10-02,Express Rail Link West Kowloon,0,0,0,0,0,0,0,0
2020-10-02,Hung Hom,0,0,0,0,0,0,0,0
2020-10-02,Lo Wu,0,0,0,0,0,0,0,0
2020-10-02,Lok Ma Chau Spur Line,0,0,0,0,0,0,0,0
2020-10-02,Heung Yuen Wai,0,0,0,0,0,0,0,0
2020-10-02,Hong Kong-Zhuhai-Macao Bridge,54,0,5,59,48,3,1,52
2020-10-02,Lok Ma Chau,0,0,0,0,0,0,0,0
2020-10-02,Man Kam To,0,0,0,0,0,0,0,0
2020-10-02,Sha Tau Kok,0,0,0,0,0,0,0,0
2020-10-02,Shenzhen Bay,946,150,2,1098,388,60,6,454
2020-10-02,China Ferry Terminal,0,0,0,0,0,0,0,0
2020-10-02,Harbour Control,0,0,0,0,0,0,0,0
2020-10-02,Kai Tak Cruise Terminal,0,0,0,0,0,0,0,0
2020-10-02,Macau Ferry Terminal,0,0,0,0,0,0,0,0
2020-10-02,Tuen Mun Ferry Terminal,0,0,0,0,0,0,0,0
2020-10-03,Airport,760,4,19,783,1051,21,58,1130
2020-10-03,Express Rail Link West Kowloon,0,0,0,0,0,0,0,0
2020-10-03,Hung Hom,0,0,0,0,0,0,0,0
2020-10-03,Lo Wu,0,0,0,0,0,0,0,0
2020-10-03,Lok Ma Chau Spur Line,0,0,0,0,0,0,0,0
2020-10-03,Heung Yuen Wai,0,0,0,0,0,0,0,0
2020-10-03,Hong Kong-Zhuhai-Macao Bridge,54,12,5,71,35,2,2,39
2020-10-03,Lok Ma Chau,0,0,0,0,0,0,0,0
2020-10-03,Man Kam To,0,0,0,0,0,0,0,0
2020-10-03,Sha Tau Kok,0,0,0,0,0,0,0,0
2020-10-03,Shenzhen Bay,937,170,6,1113,182,31,3,216
2020-10-03,China Ferry Terminal,0,0,0,0,0,0,0,0
2020-10-03,Harbour Control,0,0,0,0,0,0,0,0
2020-10-03,Kai Tak Cruise Terminal,0,0,0,0,0,0,0,0
2020-10-03,Macau Ferry Terminal,0,0,0,0,0,0,0,0
2020-10-03,Tuen Mun Ferry Terminal,0,0,0,0,0,0,0,0
2020-10-04,Airport,1030,3,59,1092,846,8,44,898
2020-10-04,Express Rail Link West Kowloon,0,0,0,0,0,0,0,0
2020-10-04,Hung Hom,0,0,0,0,0,0,0,0
2020-10-04,Lo Wu,0,0,0,0,0,0,0,0
2020-10-04,Lok Ma Chau Spur Line,0,0,0,0,0,0,0,0
2020-10-04,Heung Yuen Wai,0,0,0,0,0,0,0,0
2020-10-04,Hong Kong-Zhuhai-Macao Bridge,77,10,4,91,60,5,3,68
2020-10-04,Lok Ma Chau,0,0,0,0,0,0,0,0
2020-10-04,Man Kam To,0,0,0,0,0,0,0,0
2020-10-04,Sha Tau Kok,0,0,0,0,0,0,0,0
2020-10-04,Shenzhen Bay,1290,212,9,1511,320,49,9,378
2020-10-04,China Ferry Terminal,0,0,0,0,0,0,0,0
2020-10-04,Harbour Control,0,0,0,0,0,0,0,0
2020-10-04,Kai Tak Cruise Terminal,0,0,0,0,0,0,0,0
2020-10-04,Macau Ferry Terminal,0,0,0,0,0,0,0,0
2020-10-04,Tuen Mun Ferry Terminal,0,0,0,0,0,0,0,0
2020-10-05,Airport,731,2,33,766,717,13,34,764
2020-10-05,Express Rail Link West Kowloon,0,0,0,0,0,0,0,0
2020-10-05,Hung Hom,0,0,0,0,0,0,0,0
2020-10-05,Lo Wu,0,0,0,0,0,0,0,0
2020-10-05,Lok Ma Chau Spur Line,0,0,0,0,0,0,0,0
2020-10-05,Heung Yuen Wai,0,0,0,0,0,0,0,0
2020-10-05,Hong Kong-Zhuhai-Macao Bridge,78,4,4,86,98,14,5,117
2020-10-05,Lok Ma Chau,0,0,0,0,0,0,0,0
2020-10-05,Man Kam To,0,0,0,0,0,0,0,0
2020-10-05,Sha Tau Kok,0,0,0,0,0,0,0,0
2020-10-05,Shenzhen Bay,927,137,2,1066,450,77,6,533
2020-10-05,China Ferry Terminal,0,0,0,0,0,0,0,0
2020-10-05,Harbour Control,0,0,0,0,0,0,0,0
2020-10-05,Kai Tak Cruise Terminal,0,0,0,0,0,0,0,0
2020-10-05,Macau Ferry Terminal,0,0,0,0,0,0,0,0
2020-10-05,Tuen Mun Ferry Terminal,0,0,0,0,0,0,0,0
2020-10-06,Airport,701,4,24,729,823,23,29,875
2020-10-06,Express Rail Link West Kowloon,0,0,0,0,0,0,0,0
2020-10-06,Hung Hom,0,0,0,0,0,0,0,0
2020-10-06,Lo Wu,0,0,0,0,0,0,0,0
2020-10-06,Lok Ma Chau Spur Line,0,0,0,0,0,0,0,0
2020-10-06,Heung Yuen Wai,0,0,0,0,0,0,0,0
2020-10-06,Hong Kong-Zhuhai-Macao Bridge,66,3,1,70,160,7,0,167
2020-10-06,Lok Ma Chau,0,0,0,0,0,0,0,0
2020-10-06,Man Kam To,0,0,0,0,0,0,0,0
2020-10-06,Sha Tau Kok,0,0,0,0,0,0,0,0
2020-10-06,Shenzhen Bay,821,86,5,912,733,86,6,825
2020-10-06,China Ferry Terminal,0,0,0,0,0,0,0,0
2020-10-06,Harbour Control,0,0,0,0,0,0,0,0
2020-10-06,Kai Tak Cruise Terminal,0,0,0,0,0,0,0,0
2020-10-06,Macau Ferry Terminal,0,0,0,0,0,0,0,0
2020-10-06,Tuen Mun Ferry Terminal,0,0,0,0,0,0,0,0
2020-10-07,Airport,525,1,26,552,621,11,38,670
2020-10-07,Express Rail Link West Kowloon,0,0,0,0,0,0,0,0
2020-10-07,Hung Hom,0,0,0,0,0,0,0,0
2020-10-07,Lo Wu,0,0,0,0,0,0,0,0
2020-10-07,Lok Ma Chau Spur Line,0,0,0,0,0,0,0,0
2020-10-07,Heung Yuen Wai,0,0,0,0,0,0,0,0
2020-10-07,Hong Kong-Zhuhai-Macao Bridge,74,7,6,87,158,5,4,167
2020-10-07,Lok Ma Chau,0,0,0,0,0,0,0,0
2020-10-07,Man Kam To,0,0,0,0,0,0,0,0
2020-10-07,Sha Tau Kok,0,0,0,0,0,0,0,0
2020-10-07,Shenzhen Bay,602,77,3,682,998,171,7,1176
2020-10-07,China Ferry Terminal,0,0,0,0,0,0,0,0
2020-10-07,Harbour Control,0,0,0,0,0,0,0,0
2020-10-07,Kai Tak Cruise Terminal,0,0,0,0,0,0,0,0
2020-10-07,Macau Ferry Terminal,0,0,0,0,0,0,0,0
2020-10-07,Tuen Mun Ferry Terminal,0,0,0,0,0,0,0,0
